RESOCONTO ADDESTRAMENTO FEDERATO RANDOM FOREST SMARTGRID
Rounds totali: 50

TABELLA RIASSUNTIVA METRICHE:
============================================================================================================================================
Round   Loss         Accuracy     BalancedAcc    AUC        F1_Score     F1_Natural   F1_Attack    Precision    Precision_Nat   Precision_Att   Recall       Recall_Nat    Recall_Att  
--------------------------------------------------------------------------------------------------------------------------------------------
2       0.312097     0.687903     0.506828       0.580430   0.812900     0.059727     0.812900     0.693679     0.438298        0.693679        0.981608     0.032047      0.981608    
3       0.312097     0.687903     0.509061       0.589225   0.812337     0.073693     0.812337     0.694675     0.449477        0.694675        0.977985     0.040137      0.977985    
4       0.310653     0.689347     0.509505       0.588364   0.813518     0.070276     0.813518     0.694858     0.472868        0.694858        0.981051     0.037959      0.981051    
5       0.310461     0.689539     0.510331       0.586108   0.813483     0.074584     0.813483     0.695227     0.477941        0.695227        0.980215     0.040448      0.980215    
6       0.308536     0.691464     0.511982       0.585637   0.814789     0.076613     0.814789     0.695944     0.515504        0.695944        0.982583     0.041381      0.982583    
7       0.310269     0.689731     0.510041       0.585685   0.813728     0.071963     0.813728     0.695094     0.480769        0.695094        0.981190     0.038892      0.981190    
8       0.311616     0.688384     0.508980       0.588305   0.812789     0.071142     0.812789     0.694634     0.455882        0.694634        0.979379     0.038581      0.979379    
9       0.310557     0.689443     0.510348       0.587441   0.813393     0.075093     0.813393     0.695235     0.476364        0.695235        0.979936     0.040759      0.979936    
10      0.312097     0.687903     0.508546       0.588275   0.812467     0.070507     0.812467     0.694444     0.447273        0.694444        0.978821     0.038270      0.978821    
11      0.312867     0.687133     0.507301       0.586918   0.812092     0.066073     0.812092     0.693896     0.430712        0.693896        0.978821     0.035781      0.978821    
12      0.310653     0.689347     0.509934       0.587415   0.813410     0.072947     0.813410     0.695051     0.473881        0.695051        0.980354     0.039515      0.980354    
13      0.311905     0.688095     0.509114       0.586870   0.812496     0.073206     0.812496     0.694697     0.452297        0.694697        0.978403     0.039826      0.978403    
14      0.310269     0.689731     0.510041       0.585685   0.813728     0.071963     0.813728     0.695094     0.480769        0.695094        0.981190     0.038892      0.981190    
15      0.311231     0.688769     0.509344       0.587866   0.813042     0.071757     0.813042     0.694793     0.462963        0.694793        0.979797     0.038892      0.979797    
16      0.312193     0.687807     0.508390       0.587150   0.812420     0.069954     0.812420     0.694376     0.445255        0.694376        0.978821     0.037959      0.978821    
17      0.310557     0.689443     0.510262       0.588754   0.813414     0.074563     0.813414     0.695197     0.476190        0.695197        0.980075     0.040448      0.980075    
18      0.309114     0.690886     0.511650       0.587065   0.814357     0.077011     0.814357     0.695802     0.503759        0.695802        0.981608     0.041693      0.981608    
19      0.309595     0.690405     0.510872       0.588156   0.814121     0.074245     0.814121     0.695459     0.494253        0.695459        0.981608     0.040137      0.981608    
20      0.310269     0.689731     0.510127       0.588112   0.813706     0.072497     0.813706     0.695133     0.480916        0.695133        0.981051     0.039203      0.981051    
21      0.311038     0.688962     0.509312       0.586248   0.813222     0.070730     0.813222     0.694776     0.465909        0.694776        0.980354     0.038270      0.980354    
22      0.310653     0.689347     0.510364       0.588118   0.813302     0.075601     0.813302     0.695244     0.474820        0.695244        0.979657     0.041070      0.979657    
23      0.310942     0.689058     0.509038       0.584945   0.813377     0.068608     0.813377     0.694653     0.466667        0.694653        0.981051     0.037026      0.981051    
24      0.308729     0.691271     0.512101       0.585375   0.814588     0.078161     0.814588     0.696000     0.511278        0.696000        0.981887     0.042315      0.981887    
25      0.311905     0.688095     0.508513       0.587060   0.812648     0.069480     0.812648     0.694428     0.449814        0.694428        0.979379     0.037648      0.979379    
26      0.309017     0.690983     0.511978       0.587121   0.814361     0.078623     0.814361     0.695949     0.505535        0.695949        0.981329     0.042626      0.981329    
27      0.311808     0.688192     0.509528       0.589585   0.812478     0.075342     0.812478     0.694882     0.455172        0.694882        0.977985     0.041070      0.977985    
28      0.308825     0.691175     0.513320       0.588095   0.814197     0.086015     0.814197     0.696552     0.508418        0.696552        0.979657     0.046982      0.979657    
29      0.309980     0.690020     0.510250       0.586893   0.813933     0.072025     0.813933     0.695185     0.486381        0.695185        0.981608     0.038892      0.981608    
30      0.308632     0.691368     0.512600       0.584817   0.814549     0.080825     0.814549     0.696224     0.512727        0.696224        0.981329     0.043871      0.981329    
31      0.310942     0.689058     0.510327       0.587728   0.813053     0.076593     0.813053     0.695231     0.470175        0.695231        0.978961     0.041693      0.978961    
32      0.312771     0.687229     0.508230       0.587910   0.811943     0.071429     0.811943     0.694310     0.437063        0.694310        0.977567     0.038892      0.977567    
33      0.312001     0.687999     0.508444       0.584932   0.812579     0.069460     0.812579     0.694398     0.448148        0.694398        0.979239     0.037648      0.979239    
34      0.311423     0.688577     0.509033       0.588639   0.812948     0.070649     0.812948     0.694656     0.458955        0.694656        0.979797     0.038270      0.979797    
35      0.313156     0.686844     0.507350       0.588620   0.811820     0.067622     0.811820     0.693920     0.427536        0.693920        0.977985     0.036714      0.977985    
36      0.311520     0.688480     0.509307       0.586816   0.812793     0.072759     0.812793     0.694780     0.458484        0.694780        0.979100     0.039515      0.979100    
37      0.312001     0.687999     0.508444       0.584932   0.812579     0.069460     0.812579     0.694398     0.448148        0.694398        0.979239     0.037648      0.979239    
38      0.311038     0.688962     0.508968       0.585185   0.813309     0.068588     0.813309     0.694623     0.464844        0.694623        0.980911     0.037026      0.980911    
39      0.309017     0.690983     0.511978       0.587121   0.814361     0.078623     0.814361     0.695949     0.505535        0.695949        0.981329     0.042626      0.981329    
40      0.309884     0.690116     0.510406       0.585827   0.813980     0.072581     0.813980     0.695253     0.488372        0.695253        0.981608     0.039203      0.981608    
41      0.310942     0.689058     0.509468       0.587012   0.813269     0.071285     0.813269     0.694845     0.467925        0.694845        0.980354     0.038581      0.980354    
42      0.311038     0.688962     0.509827       0.589257   0.813093     0.073926     0.813093     0.695007     0.467391        0.695007        0.979518     0.040137      0.979518    
43      0.310461     0.689539     0.509816       0.587405   0.813612     0.071387     0.813612     0.694996     0.476923        0.694996        0.981051     0.038581      0.981051    
44      0.312193     0.687807     0.508820       0.586086   0.812312     0.072613     0.812312     0.694568     0.447183        0.694568        0.978125     0.039515      0.978125    
45      0.310557     0.689443     0.509918       0.584931   0.813501     0.072435     0.813501     0.695042     0.475472        0.695042        0.980633     0.039203      0.980633    
46      0.312289     0.687711     0.508063       0.587652   0.812417     0.068332     0.812417     0.694230     0.442379        0.694230        0.979100     0.037026      0.979100    
47      0.310653     0.689347     0.510364       0.588095   0.813302     0.075601     0.813302     0.695244     0.474820        0.695244        0.979657     0.041070      0.979657    
48      0.310750     0.689250     0.509951       0.586292   0.813320     0.073458     0.813320     0.695059     0.472325        0.695059        0.980075     0.039826      0.980075    
49      0.309787     0.690213     0.510819       0.586572   0.813963     0.074734     0.813963     0.695437     0.490566        0.695437        0.981190     0.040448      0.981190    
50      0.312001     0.687999     0.508873       0.589556   0.812471     0.072124     0.812471     0.694590     0.450000        0.694590        0.978543     0.039203      0.978543    
51      0.311231     0.688769     0.509688       0.587626   0.812955     0.073883     0.812955     0.694947     0.464029        0.694947        0.979239     0.040137      0.979239    
============================================================================================================================================

MATRICE DI CONFUSIONE SUL VALIDATION SET:
----------------------------------------
tp: 7028  fp: 3085  fn: 149   tn: 129  


STATISTICHE FINALI:
============================================================

 LOSS:
   Rounds disponibili  : 50
   Valore iniziale     : 0.312097 
   Valore finale       : 0.311231 
   Valore minimo       : 0.308536 
   Valore massimo      : 0.313156 
   Valore medio        : 0.310884 
   Miglioramento       : -0.000866 <

 ACCURACY:
   Rounds disponibili  : 50
   Valore iniziale     : 0.687903 
   Valore finale       : 0.688769 
   Valore minimo       : 0.686844 
   Valore massimo      : 0.691464 
   Valore medio        : 0.689116 
   Miglioramento       : 0.000866  >

 BALANCEDACC:
   Rounds disponibili  : 50
   Valore iniziale     : 0.506828 
   Valore finale       : 0.509688 
   Valore minimo       : 0.506828 
   Valore massimo      : 0.513320 
   Valore medio        : 0.509755 
   Miglioramento       : 0.002860  >

 AUC:
   Rounds disponibili  : 50
   Valore iniziale     : 0.580430 
   Valore finale       : 0.587626 
   Valore minimo       : 0.580430 
   Valore massimo      : 0.589585 
   Valore medio        : 0.586998 
   Miglioramento       : 0.007196  >

 F1_SCORE:
   Rounds disponibili  : 50
   Valore iniziale     : 0.812900 
   Valore finale       : 0.812955 
   Valore minimo       : 0.811820 
   Valore massimo      : 0.814789 
   Valore medio        : 0.813249 
   Miglioramento       : 0.000055  >

 F1_NATURAL:
   Rounds disponibili  : 50
   Valore iniziale     : 0.059727 
   Valore finale       : 0.073883 
   Valore minimo       : 0.059727 
   Valore massimo      : 0.086015 
   Valore medio        : 0.072815 
   Miglioramento       : 0.014156  >

 F1_ATTACK:
   Rounds disponibili  : 50
   Valore iniziale     : 0.812900 
   Valore finale       : 0.812955 
   Valore minimo       : 0.811820 
   Valore massimo      : 0.814789 
   Valore medio        : 0.813249 
   Miglioramento       : 0.000055  >

 PRECISION:
   Rounds disponibili  : 50
   Valore iniziale     : 0.693679 
   Valore finale       : 0.694947 
   Valore minimo       : 0.693679 
   Valore massimo      : 0.696552 
   Valore medio        : 0.694973 
   Miglioramento       : 0.001268  >

 PRECISION_NAT:
   Rounds disponibili  : 50
   Valore iniziale     : 0.438298 
   Valore finale       : 0.464029 
   Valore minimo       : 0.427536 
   Valore massimo      : 0.515504 
   Valore medio        : 0.469767 
   Miglioramento       : 0.025731  >

 PRECISION_ATT:
   Rounds disponibili  : 50
   Valore iniziale     : 0.693679 
   Valore finale       : 0.694947 
   Valore minimo       : 0.693679 
   Valore massimo      : 0.696552 
   Valore medio        : 0.694973 
   Miglioramento       : 0.001268  >

 RECALL:
   Rounds disponibili  : 50
   Valore iniziale     : 0.981608 
   Valore finale       : 0.979239 
   Valore minimo       : 0.977567 
   Valore massimo      : 0.982583 
   Valore medio        : 0.980039 
   Miglioramento       : -0.002369 <

 RECALL_NAT:
   Rounds disponibili  : 50
   Valore iniziale     : 0.032047 
   Valore finale       : 0.040137 
   Valore minimo       : 0.032047 
   Valore massimo      : 0.046982 
   Valore medio        : 0.039471 
   Miglioramento       : 0.008090  >

 RECALL_ATT:
   Rounds disponibili  : 50
   Valore iniziale     : 0.981608 
   Valore finale       : 0.979239 
   Valore minimo       : 0.977567 
   Valore massimo      : 0.982583 
   Valore medio        : 0.980039 
   Miglioramento       : -0.002369 <

