RESOCONTO ADDESTRAMENTO FEDERATO RANDOM FOREST SMARTGRID
Rounds totali: 50

TABELLA RIASSUNTIVA METRICHE:
============================================================================================================================================
Round   Loss         Accuracy     BalancedAcc    AUC        F1_Score     F1_Natural   F1_Attack    Precision    Precision_Nat   Precision_Att   Recall       Recall_Nat    Recall_Att  
--------------------------------------------------------------------------------------------------------------------------------------------
2       0.313829     0.686171     0.509955       0.583484   0.810550     0.086299     0.810550     0.695098     0.433803        0.695098        0.971994     0.047915      0.971994    
3       0.315080     0.684920     0.509736       0.595314   0.809474     0.090050     0.809474     0.695013     0.421875        0.695013        0.969068     0.050404      0.969068    
4       0.313444     0.686556     0.511436       0.596587   0.810518     0.093515     0.810518     0.695765     0.443272        0.695765        0.970601     0.052271      0.970601    
5       0.313637     0.686363     0.511468       0.592781   0.810336     0.094471     0.810336     0.695783     0.441558        0.695783        0.970043     0.052894      0.970043    
6       0.313252     0.686748     0.511833       0.593309   0.810591     0.095079     0.810591     0.695943     0.446475        0.695943        0.970461     0.053205      0.970461    
7       0.313444     0.686556     0.511178       0.594427   0.810584     0.091999     0.810584     0.695648     0.442359        0.695648        0.971019     0.051338      0.971019    
8       0.313059     0.686941     0.511629       0.594081   0.810817     0.093114     0.810817     0.695847     0.447721        0.695847        0.971297     0.051960      0.971297    
9       0.314503     0.685497     0.510755       0.594233   0.809735     0.093733     0.809735     0.695470     0.431122        0.695470        0.968929     0.052582      0.968929    
10      0.312386     0.687614     0.512889       0.593430   0.811103     0.097832     0.811103     0.696413     0.458333        0.696413        0.971019     0.054760      0.971019    
11      0.313444     0.686556     0.510835       0.596645   0.810673     0.089969     0.810673     0.695492     0.441096        0.695492        0.971576     0.050093      0.971576    
12      0.313541     0.686459     0.511538       0.592105   0.810405     0.094497     0.810405     0.695813     0.442708        0.695813        0.970183     0.052894      0.970183    
13      0.312771     0.687229     0.511666       0.594078   0.811068     0.092179     0.811068     0.695860     0.450820        0.695860        0.971994     0.051338      0.971994    
14      0.310942     0.689058     0.513849       0.591881   0.812162     0.097738     0.812162     0.696828     0.476839        0.696828        0.973248     0.054449      0.973248    
15      0.312289     0.687711     0.512444       0.594150   0.811304     0.094840     0.811304     0.696208     0.458221        0.696208        0.971994     0.052894      0.971994    
16      0.311808     0.688192     0.513222       0.596468   0.811540     0.097493     0.811540     0.696555     0.465426        0.696555        0.971994     0.054449      0.971994    
17      0.313252     0.686748     0.511575       0.595262   0.810657     0.093567     0.810657     0.695826     0.445623        0.695826        0.970879     0.052271      0.970879    
18      0.312674     0.687326     0.512509       0.594448   0.810940     0.096747     0.810940     0.696243     0.454308        0.696243        0.970879     0.054138      0.970879    
19      0.312578     0.687422     0.513180       0.597590   0.810855     0.100277     0.810855     0.696548     0.457071        0.696548        0.970043     0.056316      0.970043    
20      0.313156     0.686844     0.511387       0.594935   0.810792     0.092076     0.810792     0.695739     0.445946        0.695739        0.971437     0.051338      0.971437    
21      0.314118     0.685882     0.510776       0.592147   0.810078     0.092325     0.810078     0.695474     0.434555        0.695474        0.969904     0.051649      0.969904    
22      0.314407     0.685593     0.510396       0.594136   0.809914     0.091238     0.809914     0.695305     0.430446        0.695305        0.969765     0.051027      0.969765    
23      0.313541     0.686459     0.510851       0.592975   0.810581     0.090452     0.810581     0.695500     0.440217        0.695500        0.971297     0.050404      0.971297    
24      0.313252     0.686748     0.510974       0.593182   0.810811     0.090020     0.810811     0.695552     0.443526        0.695552        0.971855     0.050093      0.971855    
25      0.311520     0.688480     0.513774       0.595187   0.811660     0.099583     0.811660     0.696803     0.469816        0.696803        0.971855     0.055694      0.971855    
26      0.312386     0.687614     0.511945       0.591957   0.811345     0.092282     0.811345     0.695982     0.455801        0.695982        0.972551     0.051338      0.972551    
27      0.311520     0.688480     0.513774       0.595187   0.811660     0.099583     0.811660     0.696803     0.469816        0.696803        0.971855     0.055694      0.971855    
28      0.313348     0.686652     0.511506       0.593872   0.810588     0.093541     0.810588     0.695795     0.444444        0.695795        0.970740     0.052271      0.970740    
29      0.312097     0.687903     0.512755       0.593176   0.811399     0.095902     0.811399     0.696347     0.461126        0.696347        0.971994     0.053516      0.971994    
30      0.311905     0.688095     0.513324       0.596663   0.811427     0.098470     0.811427     0.696603     0.464567        0.696603        0.971576     0.055072      0.971576    
31      0.313252     0.686748     0.511403       0.597561   0.810701     0.092556     0.810701     0.695748     0.445040        0.695748        0.971158     0.051649      0.971158    
32      0.314118     0.685882     0.510776       0.593373   0.810078     0.092325     0.810078     0.695474     0.434555        0.695474        0.969904     0.051649      0.969904    
33      0.313444     0.686556     0.511951       0.593019   0.810386     0.096533     0.810386     0.696000     0.445013        0.696000        0.969765     0.054138      0.969765    
34      0.310942     0.689058     0.513849       0.591881   0.812162     0.097738     0.812162     0.696828     0.476839        0.696828        0.973248     0.054449      0.973248    
35      0.312578     0.687422     0.511633       0.592954   0.811251     0.091214     0.811251     0.695843     0.452778        0.695843        0.972551     0.050716      0.972551    
36      0.313541     0.686459     0.511882       0.590747   0.810317     0.096506     0.810317     0.695970     0.443878        0.695970        0.969625     0.054138      0.969625    
37      0.312674     0.687326     0.511650       0.595329   0.811160     0.091697     0.811160     0.695852     0.451791        0.695852        0.972273     0.051027      0.972273    
38      0.312386     0.687614     0.512374       0.594414   0.811235     0.094813     0.811235     0.696177     0.456989        0.696177        0.971855     0.052894      0.971855    
39      0.312578     0.687422     0.511891       0.594258   0.811185     0.092737     0.811185     0.695960     0.453552        0.695960        0.972133     0.051649      0.972133    
40      0.313733     0.686267     0.511141       0.591904   0.810333     0.092933     0.810333     0.695635     0.439474        0.695635        0.970322     0.051960      0.970322    
41      0.312097     0.687903     0.512755       0.593176   0.811399     0.095902     0.811399     0.696347     0.461126        0.696347        0.971994     0.053516      0.971994    
42      0.312001     0.687999     0.512481       0.591763   0.811555     0.093907     0.811555     0.696220     0.461538        0.696220        0.972691     0.052271      0.972691    
43      0.312482     0.687518     0.511875       0.594847   0.811276     0.092256     0.811276     0.695951     0.454545        0.695951        0.972412     0.051338      0.972412    
44      0.314407     0.685593     0.510396       0.593453   0.809914     0.091238     0.809914     0.695305     0.430446        0.695305        0.969765     0.051027      0.969765    
45      0.312867     0.687133     0.511510       0.596202   0.811021     0.091646     0.811021     0.695791     0.449315        0.695791        0.971994     0.051027      0.971994    
46      0.313156     0.686844     0.511473       0.598281   0.810770     0.092582     0.810770     0.695778     0.446237        0.695778        0.971297     0.051649      0.971297    
47      0.314310     0.685690     0.511067       0.594958   0.809829     0.094789     0.809829     0.695609     0.434010        0.695609        0.968929     0.053205      0.968929    
48      0.314022     0.685978     0.510932       0.592846   0.810125     0.092855     0.810125     0.695544     0.436031        0.695544        0.969904     0.051960      0.969904    
49      0.312963     0.687037     0.512128       0.594962   0.810776     0.095662     0.810776     0.696074     0.450262        0.696074        0.970740     0.053516      0.970740    
50      0.312771     0.687229     0.512525       0.592797   0.810849     0.097222     0.810849     0.696252     0.453368        0.696252        0.970601     0.054449      0.970601    
51      0.313541     0.686459     0.511194       0.592911   0.810493     0.092479     0.810493     0.695657     0.441489        0.695657        0.970740     0.051649      0.970740    
============================================================================================================================================

MATRICE DI CONFUSIONE SUL VALIDATION SET:
----------------------------------------
tp: 6967  fp: 3048  fn: 210   tn: 166  


STATISTICHE FINALI:
============================================================

🔹 LOSS:
   Rounds disponibili  : 50
   Valore iniziale     : 0.313829 
   Valore finale       : 0.313541 
   Valore minimo       : 0.310942 
   Valore massimo      : 0.315080 
   Valore medio        : 0.313021 
   Miglioramento       : -0.000289 📉

🔹 ACCURACY:
   Rounds disponibili  : 50
   Valore iniziale     : 0.686171 
   Valore finale       : 0.686459 
   Valore minimo       : 0.684920 
   Valore massimo      : 0.689058 
   Valore medio        : 0.686979 
   Miglioramento       : 0.000289  📈

🔹 BALANCEDACC:
   Rounds disponibili  : 50
   Valore iniziale     : 0.509955 
   Valore finale       : 0.511194 
   Valore minimo       : 0.509736 
   Valore massimo      : 0.513849 
   Valore medio        : 0.511801 
   Miglioramento       : 0.001240  📈

🔹 AUC:
   Rounds disponibili  : 50
   Valore iniziale     : 0.583484 
   Valore finale       : 0.592911 
   Valore minimo       : 0.583484 
   Valore massimo      : 0.598281 
   Valore medio        : 0.593906 
   Miglioramento       : 0.009427  📈

🔹 F1_SCORE:
   Rounds disponibili  : 50
   Valore iniziale     : 0.810550 
   Valore finale       : 0.810493 
   Valore minimo       : 0.809474 
   Valore massimo      : 0.812162 
   Valore medio        : 0.810808 
   Miglioramento       : -0.000057 📉

🔹 F1_NATURAL:
   Rounds disponibili  : 50
   Valore iniziale     : 0.086299 
   Valore finale       : 0.092479 
   Valore minimo       : 0.086299 
   Valore massimo      : 0.100277 
   Valore medio        : 0.093969 
   Miglioramento       : 0.006180  📈

🔹 F1_ATTACK:
   Rounds disponibili  : 50
   Valore iniziale     : 0.810550 
   Valore finale       : 0.810493 
   Valore minimo       : 0.809474 
   Valore massimo      : 0.812162 
   Valore medio        : 0.810808 
   Miglioramento       : -0.000057 📉

🔹 PRECISION:
   Rounds disponibili  : 50
   Valore iniziale     : 0.695098 
   Valore finale       : 0.695657 
   Valore minimo       : 0.695013 
   Valore massimo      : 0.696828 
   Valore medio        : 0.695925 
   Miglioramento       : 0.000559  📈

🔹 PRECISION_NAT:
   Rounds disponibili  : 50
   Valore iniziale     : 0.433803 
   Valore finale       : 0.441489 
   Valore minimo       : 0.421875 
   Valore massimo      : 0.476839 
   Valore medio        : 0.448743 
   Miglioramento       : 0.007687  📈

🔹 PRECISION_ATT:
   Rounds disponibili  : 50
   Valore iniziale     : 0.695098 
   Valore finale       : 0.695657 
   Valore minimo       : 0.695013 
   Valore massimo      : 0.696828 
   Valore medio        : 0.695925 
   Miglioramento       : 0.000559  📈

🔹 RECALL:
   Rounds disponibili  : 50
   Valore iniziale     : 0.971994 
   Valore finale       : 0.970740 
   Valore minimo       : 0.968929 
   Valore massimo      : 0.973248 
   Valore medio        : 0.971119 
   Miglioramento       : -0.001254 📉

🔹 RECALL_NAT:
   Rounds disponibili  : 50
   Valore iniziale     : 0.047915 
   Valore finale       : 0.051649 
   Valore minimo       : 0.047915 
   Valore massimo      : 0.056316 
   Valore medio        : 0.052483 
   Miglioramento       : 0.003734  📈

🔹 RECALL_ATT:
   Rounds disponibili  : 50
   Valore iniziale     : 0.971994 
   Valore finale       : 0.970740 
   Valore minimo       : 0.968929 
   Valore massimo      : 0.973248 
   Valore medio        : 0.971119 
   Miglioramento       : -0.001254 📉

