RESOCONTO ADDESTRAMENTO FEDERATO RANDOM FOREST OTTIMIZZATO SMARTGRID (senza riproducibilità)
Rounds totali: 100

TABELLA RIASSUNTIVA METRICHE:
============================================================================================================================================
Round   Loss         Accuracy     BalancedAcc    AUC        F1_Score     F1_Natural   F1_Attack    Precision    Precision_Nat   Precision_Att   Recall       Recall_Nat    Recall_Att  
--------------------------------------------------------------------------------------------------------------------------------------------
2       0.313541     0.686459     0.530780       0.645352   0.805330     0.194760     0.805330     0.704990     0.473558        0.704990        0.938972     0.122589      0.938972    
3       0.307189     0.692811     0.530997       0.651039   0.811169     0.176895     0.811169     0.704842     0.516566        0.704842        0.955274     0.106721      0.955274    
4       0.306419     0.693581     0.533273       0.655363   0.811285     0.185678     0.811285     0.705931     0.521552        0.705931        0.953602     0.112943      0.953602    
5       0.312193     0.687807     0.524196       0.626860   0.808342     0.158714     0.808342     0.701713     0.476636        0.701713        0.953184     0.095208      0.953184    
6       0.303051     0.696949     0.536140       0.645901   0.813636     0.189447     0.813636     0.707202     0.548435        0.707202        0.957782     0.114499      0.957782    
7       0.305553     0.694447     0.539397       0.645011   0.810482     0.211963     0.810482     0.708960     0.523926        0.708960        0.945938     0.132856      0.945938    
8       0.310653     0.689347     0.528661       0.651697   0.808586     0.176110     0.808586     0.703830     0.490057        0.703830        0.949979     0.107343      0.949979    
9       0.304879     0.695121     0.535762       0.652143   0.812055     0.193072     0.812055     0.707098     0.532303        0.707098        0.953602     0.117922      0.953602    
10      0.316235     0.683765     0.522043       0.643035   0.805170     0.160878     0.805170     0.700795     0.448718        0.700795        0.946078     0.098009      0.946078    
11      0.316139     0.683861     0.522542       0.639703   0.805125     0.163057     0.805125     0.701033     0.450070        0.701033        0.945520     0.099564      0.945520    
12      0.314984     0.685016     0.525955       0.637622   0.805283     0.176189     0.805283     0.702658     0.461133        0.702658        0.943012     0.108899      0.943012    
13      0.312097     0.687903     0.535089       0.626468   0.805517     0.210373     0.805517     0.707096     0.483763        0.707096        0.935767     0.134412      0.935767    
14      0.308632     0.691368     0.540432       0.648635   0.807330     0.224801     0.807330     0.709654     0.503792        0.709654        0.936185     0.144680      0.936185    
15      0.306900     0.693100     0.537219       0.641176   0.809805     0.205729     0.809805     0.707925     0.515605        0.707925        0.945938     0.128500      0.945938    
16      0.311327     0.688673     0.532211       0.646497   0.807015     0.195073     0.807015     0.705612     0.486957        0.705612        0.942455     0.121966      0.942455    
17      0.301511     0.698489     0.539231       0.652962   0.814253     0.199745     0.814253     0.708669     0.557775        0.708669        0.956806     0.121655      0.956806    
18      0.307381     0.692619     0.529569       0.662482   0.811363     0.170390     0.811363     0.704152     0.515723        0.704152        0.957085     0.102054      0.957085    
19      0.308344     0.691656     0.528959       0.643817   0.810638     0.170378     0.810638     0.703890     0.507716        0.703890        0.955552     0.102365      0.955552    
20      0.310365     0.689635     0.530588       0.622763   0.808344     0.184576     0.808344     0.704767     0.492578        0.704767        0.947610     0.113566      0.947610    
21      0.310269     0.689731     0.531689       0.643924   0.808141     0.189542     0.808141     0.705308     0.493455        0.705308        0.946078     0.117299      0.946078    
22      0.309787     0.690213     0.532552       0.644959   0.808359     0.192221     0.808359     0.705717     0.496757        0.705717        0.945938     0.119166      0.945938    
23      0.313541     0.686459     0.526743       0.629302   0.806417     0.175607     0.806417     0.702994     0.470190        0.702994        0.945520     0.107965      0.945520    
24      0.309595     0.690405     0.531059       0.630790   0.808933     0.184537     0.808933     0.704969     0.497948        0.704969        0.948864     0.113255      0.948864    
25      0.311038     0.688962     0.533622       0.660582   0.806906     0.200791     0.806906     0.706307     0.489157        0.706307        0.940922     0.126322      0.940922    
26      0.303436     0.696564     0.542219       0.653774   0.811705     0.218974     0.811705     0.710284     0.537060        0.710284        0.946914     0.137523      0.946914    
27      0.303628     0.696372     0.534778       0.660011   0.813457     0.184544     0.813457     0.706553     0.545038        0.706553        0.958478     0.111077      0.958478    
28      0.313444     0.686556     0.523978       0.639611   0.807244     0.161647     0.807244     0.701646     0.467958        0.701646        0.950258     0.097698      0.950258    
29      0.311616     0.688384     0.527449       0.649966   0.808016     0.173136     0.808016     0.703272     0.482906        0.703272        0.949422     0.105476      0.949422    
30      0.313444     0.686556     0.524493       0.639663   0.807107     0.164229     0.807107     0.701895     0.468521        0.701895        0.949422     0.099564      0.949422    
31      0.301800     0.698200     0.542887       0.639848   0.813044     0.217565     0.813044     0.710535     0.549118        0.710535        0.950118     0.135657      0.950118    
32      0.316235     0.683765     0.523675       0.652205   0.804730     0.168943     0.804730     0.701585     0.451351        0.701585        0.943430     0.103920      0.943430    
33      0.308151     0.691849     0.534166       0.643717   0.809450     0.195073     0.809450     0.706451     0.507853        0.706451        0.947610     0.120722      0.947610    
34      0.307670     0.692330     0.529189       0.653813   0.811197     0.169395     0.811197     0.703977     0.513386        0.703977        0.956946     0.101431      0.956946    
35      0.308729     0.691271     0.531686       0.640753   0.809569     0.184959     0.809569     0.705244     0.504155        0.705244        0.950118     0.113255      0.950118    
36      0.302858     0.697142     0.542207       0.642123   0.812243     0.217359     0.812243     0.710246     0.541512        0.710246        0.948446     0.135968      0.948446    
37      0.300164     0.699836     0.542268       0.649349   0.814709     0.210180     0.814709     0.710128     0.564626        0.710128        0.955413     0.129123      0.955413    
38      0.308151     0.691849     0.533393       0.631161   0.809654     0.191414     0.809654     0.706065     0.508043        0.706065        0.948864     0.117922      0.948864    
39      0.314599     0.685401     0.525633       0.625679   0.805729     0.173451     0.805729     0.702487     0.462888        0.702487        0.944545     0.106721      0.944545    
40      0.308536     0.691464     0.534661       0.630792   0.808962     0.198500     0.808962     0.706715     0.505089        0.706715        0.945799     0.123522      0.945799    
41      0.303724     0.696276     0.545532       0.640145   0.810564     0.234352     0.810564     0.712011     0.531938        0.712011        0.940783     0.150280      0.940783    
42      0.303917     0.696083     0.529071       0.636657   0.814650     0.156517     0.814650     0.703783     0.552830        0.703783        0.966978     0.091164      0.966978    
43      0.307863     0.692137     0.531283       0.635677   0.810475     0.180374     0.810475     0.705009     0.510885        0.705009        0.953044     0.109521      0.953044    
44      0.313348     0.686652     0.532380       0.623774   0.805077     0.201569     0.805077     0.705784     0.475694        0.705784        0.936882     0.127878      0.936882    
45      0.314984     0.685016     0.528189       0.644229   0.804679     0.186832     0.804679     0.703758     0.463625        0.703758        0.939390     0.116988      0.939390    
46      0.314599     0.685401     0.528210       0.641195   0.805034     0.185803     0.805034     0.703754     0.465668        0.703754        0.940365     0.116055      0.940365    
47      0.312771     0.687229     0.526269       0.644213   0.807259     0.170918     0.807259     0.702736     0.474504        0.702736        0.948307     0.104231      0.948307    
48      0.299201     0.700799     0.539614       0.649454   0.816264     0.194768     0.816264     0.708744     0.581144        0.708744        0.962240     0.116988      0.962240    
49      0.306611     0.693389     0.532360       0.650785   0.811345     0.181818     0.811345     0.705489     0.520588        0.705489        0.954577     0.110143      0.954577    
50      0.305649     0.694351     0.531940       0.641627   0.812338     0.176776     0.812338     0.705243     0.529503        0.705243        0.957782     0.106098      0.957782    
51      0.304302     0.695698     0.539186       0.650710   0.811696     0.207519     0.811696     0.708788     0.533505        0.708788        0.949561     0.128811      0.949561    
52      0.317486     0.682514     0.527237       0.634750   0.802585     0.189634     0.802585     0.703377     0.450408        0.703377        0.934374     0.120100      0.934374    
53      0.314503     0.685497     0.519518       0.631903   0.807448     0.142257     0.807448     0.699541     0.454698        0.699541        0.954716     0.084319      0.954716    
54      0.316235     0.683765     0.526167       0.638333   0.804055     0.180957     0.804055     0.702804     0.454887        0.702804        0.939390     0.112943      0.939390    
55      0.306900     0.693100     0.541429       0.645069   0.808687     0.224654     0.808687     0.710072     0.513904        0.710072        0.939111     0.143746      0.939111    
56      0.308055     0.691945     0.531659       0.645500   0.810199     0.182793     0.810199     0.705202     0.509246        0.705202        0.951930     0.111388      0.951930    
57      0.311135     0.688865     0.531147       0.634620   0.807479     0.189521     0.807479     0.705075     0.487742        0.705075        0.944684     0.117610      0.944684    
58      0.304013     0.695987     0.537677       0.646293   0.812355     0.199645     0.812355     0.708014     0.537517        0.708014        0.952766     0.122589      0.952766    
59      0.313156     0.686844     0.526678       0.639561   0.806793     0.174112     0.806793     0.702949     0.472452        0.702949        0.946635     0.106721      0.946635    
60      0.311327     0.688673     0.530063       0.637970   0.807589     0.184933     0.807589     0.704545     0.486093        0.704545        0.945938     0.114188      0.945938    
61      0.317005     0.682995     0.523462       0.646977   0.804069     0.170277     0.804069     0.701505     0.447090        0.701505        0.941758     0.105165      0.941758    
62      0.310942     0.689058     0.531630       0.644814   0.807530     0.191239     0.807530     0.705307     0.489117        0.705307        0.944406     0.118855      0.944406    
63      0.311808     0.688192     0.529973       0.645046   0.807166     0.185930     0.807166     0.704519     0.483029        0.704519        0.944824     0.115121      0.944824    
64      0.314888     0.685112     0.528946       0.640780   0.804563     0.190099     0.804563     0.704130     0.464891        0.704130        0.938414     0.119477      0.938414    
65      0.308055     0.691945     0.532947       0.627002   0.809860     0.189004     0.809860     0.705840     0.508868        0.705840        0.949840     0.116055      0.949840    
66      0.306996     0.693004     0.533370       0.650408   0.810727     0.187882     0.810727     0.706004     0.516807        0.706004        0.951930     0.114810      0.951930    
67      0.305649     0.694351     0.532885       0.648625   0.812093     0.181443     0.812093     0.705707     0.528529        0.705707        0.956249     0.109521      0.956249    
68      0.312963     0.687037     0.527762       0.636771   0.806682     0.178788     0.806682     0.703473     0.474531        0.703473        0.945381     0.110143      0.945381    
69      0.306130     0.693870     0.531334       0.648695   0.812053     0.175266     0.812053     0.704965     0.525661        0.704965        0.957503     0.105165      0.957503    
70      0.314695     0.685305     0.524962       0.639111   0.805819     0.170472     0.805819     0.702163     0.461538        0.702163        0.945381     0.104543      0.945381    
71      0.307959     0.692041     0.534563       0.637743   0.809524     0.196384     0.809524     0.706640     0.509115        0.706640        0.947471     0.121655      0.947471    
72      0.311616     0.688384     0.525559       0.644380   0.808516     0.163740     0.808516     0.702353     0.481763        0.702353        0.952487     0.098631      0.952487    
73      0.309691     0.690309     0.533996       0.644646   0.808064     0.198705     0.808064     0.706434     0.497506        0.706434        0.943848     0.124144      0.943848    
74      0.322587     0.677413     0.518991       0.634708   0.800048     0.165754     0.800048     0.699489     0.414179        0.699489        0.934374     0.103609      0.934374    
75      0.310942     0.689058     0.532403       0.635121   0.807323     0.194867     0.807323     0.705692     0.489362        0.705692        0.943152     0.121655      0.943152    
76      0.313348     0.686652     0.521900       0.638849   0.807883     0.150756     0.807883     0.700645     0.466129        0.700645        0.953880     0.089919      0.953880    
77      0.303436     0.696564     0.545311       0.648088   0.810892     0.232660     0.810892     0.711879     0.534078        0.711879        0.941898     0.148724      0.941898    
78      0.312771     0.687229     0.526527       0.649187   0.807190     0.172185     0.807190     0.702862     0.474719        0.702862        0.947889     0.105165      0.947889    
79      0.319796     0.680204     0.515944       0.646146   0.803501     0.141565     0.803501     0.697966     0.417047        0.697966        0.946635     0.085252      0.946635    
80      0.305360     0.694640     0.534211       0.637868   0.812015     0.187036     0.812015     0.706349     0.529753        0.706349        0.954856     0.113566      0.954856    
81      0.313252     0.686748     0.526694       0.625848   0.806699     0.174486     0.806699     0.702960     0.471879        0.702960        0.946356     0.107032      0.946356    
82      0.312097     0.687903     0.537752       0.635124   0.804791     0.222116     0.804791     0.708457     0.484817        0.708457        0.931448     0.144057      0.931448    
83      0.306515     0.693485     0.537670       0.644673   0.810044     0.206725     0.810044     0.708133     0.518102        0.708133        0.946217     0.129123      0.946217    
84      0.306515     0.693485     0.537412       0.651570   0.810111     0.205538     0.810111     0.708003     0.518239        0.708003        0.946635     0.128189      0.946635    
85      0.312867     0.687133     0.535649       0.643511   0.804639     0.214924     0.804639     0.707418     0.480043        0.707418        0.932841     0.138457      0.932841    
86      0.310557     0.689443     0.532510       0.636939   0.807653     0.194257     0.807653     0.705729     0.491783        0.705729        0.943988     0.121033      0.943988    
87      0.311616     0.688384     0.532861       0.644991   0.806571     0.198911     0.806571     0.705950     0.485507        0.705950        0.940644     0.125078      0.940644    
88      0.309306     0.690694     0.530925       0.652777   0.809236     0.183020     0.809236     0.704891     0.500000        0.704891        0.949840     0.112010      0.949840    
89      0.311905     0.688095     0.533854       0.635886   0.806033     0.204272     0.806033     0.706462     0.484284        0.706462        0.938275     0.129434      0.938275    
90      0.311327     0.688673     0.536678       0.635416   0.805811     0.215377     0.805811     0.707868     0.488449        0.707868        0.935210     0.138146      0.935210    
91      0.301800     0.698200     0.539881       0.652350   0.813821     0.203657     0.813821     0.709010     0.553867        0.709010        0.954995     0.124767      0.954995    
92      0.316428     0.683572     0.525254       0.650672   0.804122     0.177177     0.804122     0.702362     0.452685        0.702362        0.940365     0.110143      0.940365    
93      0.302666     0.697334     0.539426       0.651249   0.813142     0.203999     0.813142     0.708825     0.546811        0.708825        0.953462     0.125389      0.953462    
94      0.306034     0.693966     0.532692       0.648355   0.811790     0.181678     0.811790     0.705628     0.525298        0.705628        0.955552     0.109832      0.955552    
95      0.306611     0.693389     0.528237       0.650149   0.812412     0.161137     0.812412     0.703477     0.523973        0.703477        0.961265     0.095208      0.961265    
96      0.307189     0.692811     0.526015       0.649423   0.812456     0.151515     0.812456     0.702428     0.520073        0.702428        0.963355     0.088675      0.963355    
97      0.305360     0.694640     0.536702       0.621732   0.811367     0.198940     0.811367     0.707590     0.527443        0.707590        0.950815     0.122589      0.950815    
98      0.304591     0.695409     0.533737       0.653340   0.812844     0.182382     0.812844     0.706082     0.537291        0.706082        0.957642     0.109832      0.957642    
99      0.317101     0.682899     0.523907       0.633783   0.803857     0.172734     0.803857     0.701725     0.447334        0.701725        0.940783     0.107032      0.940783    
100     0.308632     0.691368     0.529007       0.642674   0.810360     0.171532     0.810360     0.703924     0.505327        0.703924        0.954716     0.103298      0.954716    
101     0.309499     0.690501     0.531559       0.637119   0.808890     0.186646     0.808890     0.705212     0.498649        0.705212        0.948307     0.114810      0.948307    
============================================================================================================================================

MATRICE DI CONFUSIONE SUL VALIDATION SET:
----------------------------------------
tp: 6806  fp: 2845  fn: 371   tn: 369  


STATISTICHE FINALI:
============================================================

🔹 LOSS:
   Rounds disponibili  : 100
   Valore iniziale     : 0.313541 
   Valore finale       : 0.309499 
   Valore minimo       : 0.299201 
   Valore massimo      : 0.322587 
   Valore medio        : 0.309624 
   Miglioramento       : -0.004042 📉

🔹 ACCURACY:
   Rounds disponibili  : 100
   Valore iniziale     : 0.686459 
   Valore finale       : 0.690501 
   Valore minimo       : 0.677413 
   Valore massimo      : 0.700799 
   Valore medio        : 0.690376 
   Miglioramento       : 0.004042  📈

🔹 BALANCEDACC:
   Rounds disponibili  : 100
   Valore iniziale     : 0.530780 
   Valore finale       : 0.531559 
   Valore minimo       : 0.515944 
   Valore massimo      : 0.545532 
   Valore medio        : 0.531621 
   Miglioramento       : 0.000778  📈

🔹 AUC:
   Rounds disponibili  : 100
   Valore iniziale     : 0.645352 
   Valore finale       : 0.637119 
   Valore minimo       : 0.621732 
   Valore massimo      : 0.662482 
   Valore medio        : 0.642556 
   Miglioramento       : -0.008232 📉

🔹 F1_SCORE:
   Rounds disponibili  : 100
   Valore iniziale     : 0.805330 
   Valore finale       : 0.808890 
   Valore minimo       : 0.800048 
   Valore massimo      : 0.816264 
   Valore medio        : 0.808750 
   Miglioramento       : 0.003560  📈

🔹 F1_NATURAL:
   Rounds disponibili  : 100
   Valore iniziale     : 0.194760 
   Valore finale       : 0.186646 
   Valore minimo       : 0.141565 
   Valore massimo      : 0.234352 
   Valore medio        : 0.187007 
   Miglioramento       : -0.008114 📉

🔹 F1_ATTACK:
   Rounds disponibili  : 100
   Valore iniziale     : 0.805330 
   Valore finale       : 0.808890 
   Valore minimo       : 0.800048 
   Valore massimo      : 0.816264 
   Valore medio        : 0.808750 
   Miglioramento       : 0.003560  📈

🔹 PRECISION:
   Rounds disponibili  : 100
   Valore iniziale     : 0.704990 
   Valore finale       : 0.705212 
   Valore minimo       : 0.697966 
   Valore massimo      : 0.712011 
   Valore medio        : 0.705259 
   Miglioramento       : 0.000222  📈

🔹 PRECISION_NAT:
   Rounds disponibili  : 100
   Valore iniziale     : 0.473558 
   Valore finale       : 0.498649 
   Valore minimo       : 0.414179 
   Valore massimo      : 0.581144 
   Valore medio        : 0.498463 
   Miglioramento       : 0.025091  📈

🔹 PRECISION_ATT:
   Rounds disponibili  : 100
   Valore iniziale     : 0.704990 
   Valore finale       : 0.705212 
   Valore minimo       : 0.697966 
   Valore massimo      : 0.712011 
   Valore medio        : 0.705259 
   Miglioramento       : 0.000222  📈

🔹 RECALL:
   Rounds disponibili  : 100
   Valore iniziale     : 0.938972 
   Valore finale       : 0.948307 
   Valore minimo       : 0.931448 
   Valore massimo      : 0.966978 
   Valore medio        : 0.947878 
   Miglioramento       : 0.009335  📈

🔹 RECALL_NAT:
   Rounds disponibili  : 100
   Valore iniziale     : 0.122589 
   Valore finale       : 0.114810 
   Valore minimo       : 0.084319 
   Valore massimo      : 0.150280 
   Valore medio        : 0.115364 
   Miglioramento       : -0.007778 📉

🔹 RECALL_ATT:
   Rounds disponibili  : 100
   Valore iniziale     : 0.938972 
   Valore finale       : 0.948307 
   Valore minimo       : 0.931448 
   Valore massimo      : 0.966978 
   Valore medio        : 0.947878 
   Miglioramento       : 0.009335  📈


# ============== CONFIGURAZIONE RANDOM FOREST OTTIMIZZATO ==============
TREE_SELECTION_METHOD = 'diversity_weighted'
TREE_AGGREGATION_STRATEGY = 'global'
MAX_TREES_GLOBAL = 150
ENSEMBLE_METHOD = 'weighted_voting'
MIN_TREES_PER_CLIENT = 5
ENABLE_FEATURE_ENGINEERING = True
ENABLE_SCALING = False
ENABLE_REMOVE_NEAR_CONSTANT_FEATURES = False
RF_N_ESTIMATORS = 100
RF_MAX_DEPTH = 15
RF_MIN_SAMPLES_SPLIT = 5
RF_MIN_SAMPLES_LEAF = 2
RF_CLASS_WEIGHT = 'balanced_subsample'
