RESOCONTO ADDESTRAMENTO FEDERATO RANDOM FOREST OTTIMIZZATO SMARTGRID
Rounds totali: 100

TABELLA RIASSUNTIVA METRICHE:
============================================================================================================================================
Round   Loss         Accuracy     BalancedAcc    AUC        F1_Score     F1_Natural   F1_Attack    Precision    Precision_Nat   Precision_Att   Recall       Recall_Nat    Recall_Att  
--------------------------------------------------------------------------------------------------------------------------------------------
2       0.229462     0.770538     0.544486       0.680044   0.865702     0.212538     0.865702     0.796361     0.434247        0.796361        0.948272     0.140701      0.948272    
3       0.236397     0.763603     0.541952       0.665672   0.860888     0.213775     0.860888     0.795580     0.398788        0.795580        0.937876     0.146028      0.937876    
4       0.230829     0.769171     0.550141       0.656211   0.864156     0.232543     0.864156     0.798640     0.433414        0.798640        0.941383     0.158899      0.941383    
5       0.231513     0.768487     0.546676       0.650299   0.863996     0.222441     0.863996     0.797289     0.426415        0.797289        0.942886     0.150466      0.942886    
6       0.236495     0.763505     0.537747       0.659637   0.861237     0.200198     0.861237     0.793934     0.391473        0.793934        0.941007     0.134487      0.941007    
7       0.222917     0.777083     0.565090       0.670569   0.868488     0.269058     0.868488     0.804334     0.483314        0.804334        0.943763     0.186418      0.943763    
8       0.237472     0.762528     0.534731       0.663723   0.860823     0.191553     0.860823     0.792787     0.381963        0.792787        0.941633     0.127830      0.941633    
9       0.234346     0.765654     0.536417       0.659617   0.862938     0.192528     0.862938     0.793361     0.398329        0.793361        0.945892     0.126942      0.945892    
10      0.224382     0.775618     0.551725       0.671011   0.868690     0.229453     0.868690     0.799032     0.469780        0.799032        0.951653     0.151798      0.951653    
11      0.238840     0.761160     0.533058       0.649815   0.859990     0.187977     0.859990     0.792172     0.373351        0.792172        0.940506     0.125610      0.940506    
12      0.233858     0.766142     0.545014       0.671602   0.862445     0.220195     0.862445     0.796709     0.413709        0.796709        0.940005     0.150022      0.940005    
13      0.220084     0.779916     0.568499       0.680146   0.870226     0.276261     0.870226     0.805588     0.500000        0.805588        0.946142     0.190857      0.946142    
14      0.233565     0.766435     0.549503       0.670710   0.862214     0.233899     0.862214     0.798484     0.420507        0.798484        0.936999     0.162006      0.936999    
15      0.223601     0.776399     0.555572       0.664821   0.868893     0.240796     0.868893     0.800528     0.476378        0.800528        0.950025     0.161119      0.950025    
16      0.221256     0.778744     0.555960       0.681545   0.870549     0.239167     0.870549     0.800589     0.491713        0.800589        0.953908     0.158012      0.953908    
17      0.224578     0.775422     0.544113       0.662038   0.869264     0.204223     0.869264     0.796063     0.463836        0.796063        0.957290     0.130937      0.957290    
18      0.233662     0.766338     0.540360       0.676589   0.863048     0.204787     0.863048     0.794874     0.407947        0.794874        0.944013     0.136707      0.944013    
19      0.231904     0.768096     0.527787       0.679007   0.865541     0.157559     0.865541     0.790012     0.392920        0.790012        0.957039     0.098535      0.957039    
20      0.225554     0.774446     0.557505       0.676778   0.867291     0.249106     0.867291     0.801381     0.465937        0.801381        0.945015     0.169996      0.945015    
21      0.223601     0.776399     0.553182       0.662435   0.869118     0.233166     0.869118     0.799579     0.475410        0.799579        0.951904     0.154461      0.951904    
22      0.222526     0.777474     0.558013       0.663958   0.869441     0.247191     0.869441     0.801458     0.483829        0.801458        0.950025     0.166001      0.950025    
23      0.233174     0.766826     0.537646       0.641366   0.863670     0.194941     0.863670     0.793806     0.405899        0.793806        0.947019     0.128273      0.947019    
24      0.232197     0.767803     0.542096       0.650826   0.863946     0.208458     0.863946     0.795510     0.417333        0.795510        0.945266     0.138926      0.945266    
25      0.225359     0.774641     0.545683       0.672789   0.868554     0.210742     0.868554     0.796697     0.459701        0.796697        0.954659     0.136707      0.954659    
26      0.229071     0.770929     0.547764       0.672392   0.865670     0.222738     0.865670     0.797635     0.439791        0.797635        0.946393     0.149134      0.946393    
27      0.230927     0.769073     0.544503       0.670859   0.864636     0.214618     0.864636     0.796414     0.426684        0.796414        0.945641     0.143364      0.945641    
28      0.230732     0.769268     0.536185       0.664819   0.865582     0.186079     0.865582     0.793179     0.416025        0.793179        0.952530     0.119840      0.952530    
29      0.220963     0.779037     0.553758       0.666089   0.870964     0.231658     0.870964     0.799707     0.493488        0.799707        0.956162     0.151354      0.956162    
30      0.242454     0.757546     0.526918       0.656135   0.857960     0.172667     0.857960     0.789884     0.346720        0.789884        0.938878     0.114958      0.938878    
31      0.220279     0.779721     0.557223       0.675513   0.871135     0.242017     0.871135     0.801051     0.498615        0.801051        0.954659     0.159787      0.954659    
32      0.231611     0.768389     0.541834       0.675221   0.864398     0.206758     0.864398     0.795390     0.419837        0.795390        0.946518     0.137150      0.946518    
33      0.229852     0.770148     0.547422       0.671656   0.865134     0.222663     0.865134     0.797527     0.435401        0.797527        0.945266     0.149578      0.945266    
34      0.233076     0.766924     0.537231       0.671912   0.863782     0.193374     0.863782     0.793642     0.405674        0.793642        0.947520     0.126942      0.947520    
35      0.235616     0.764384     0.534806       0.659738   0.862171     0.188971     0.862171     0.792770     0.389736        0.792770        0.944890     0.124723      0.944890    
36      0.220865     0.779135     0.562742       0.671898   0.870199     0.259902     0.870199     0.803286     0.495012        0.803286        0.949274     0.176209      0.949274    
37      0.226629     0.773371     0.552356       0.660513   0.867003     0.234323     0.867003     0.799366     0.456885        0.799366        0.947144     0.157568      0.947144    
38      0.239816     0.760184     0.542786       0.656960   0.858281     0.220882     0.858281     0.796017     0.387528        0.796017        0.931112     0.154461      0.931112    
39      0.232978     0.767022     0.540002       0.646928   0.863582     0.202608     0.863582     0.794715     0.410569        0.794715        0.945516     0.134487      0.945516    
40      0.225554     0.774446     0.555275       0.659011   0.867504     0.242205     0.867504     0.800487     0.464736        0.800487        0.946769     0.163782      0.946769    
41      0.230634     0.769366     0.551541       0.671870   0.864162     0.236663     0.864162     0.799191     0.435714        0.799191        0.940631     0.162450      0.940631    
42      0.235909     0.764091     0.527768       0.662424   0.862651     0.164649     0.862651     0.790082     0.373041        0.790082        0.949900     0.105637      0.949900    
43      0.229852     0.770148     0.539457       0.655045   0.865903     0.196105     0.865903     0.794416     0.425816        0.794416        0.951528     0.127386      0.951528    
44      0.225164     0.774836     0.559190       0.665354   0.867414     0.253804     0.867414     0.802042     0.468900        0.802042        0.944389     0.173990      0.944389    
45      0.241672     0.758328     0.541756       0.660700   0.857011     0.220050     0.857011     0.795664     0.379761        0.795664        0.928607     0.154905      0.928607    
46      0.236104     0.763896     0.541343       0.661310   0.861164     0.211419     0.861164     0.795332     0.399015        0.795332        0.938878     0.143808      0.938878    
47      0.237863     0.762137     0.536233       0.660801   0.860386     0.197165     0.860386     0.793381     0.383333        0.793381        0.939755     0.132712      0.939755    
48      0.226824     0.773176     0.539965       0.658806   0.868038     0.193190     0.868038     0.794528     0.444800        0.794528        0.956538     0.123391      0.956538    
49      0.231122     0.768878     0.539439       0.673821   0.864985     0.197966     0.864985     0.794444     0.418938        0.794444        0.949274     0.129605      0.949274    
50      0.232002     0.767998     0.535052       0.669183   0.864773     0.184129     0.864773     0.792776     0.407295        0.792776        0.951152     0.118953      0.951152    
51      0.226434     0.773566     0.550888       0.670720   0.867285     0.229388     0.867285     0.798777     0.456954        0.798777        0.948647     0.153129      0.948647    
52      0.226238     0.773762     0.565669       0.676210   0.866003     0.273981     0.866003     0.804731     0.466382        0.804731        0.937375     0.193964      0.937375    
53      0.222624     0.777376     0.540746       0.676917   0.870973     0.189256     0.870973     0.794710     0.476703        0.794710        0.963427     0.118065      0.963427    
54      0.230927     0.769073     0.542113       0.657049   0.864868     0.206711     0.864868     0.795478     0.423659        0.795478        0.947520     0.136707      0.947520    
55      0.231806     0.768194     0.543780       0.658256   0.864066     0.213457     0.864066     0.796158     0.421466        0.796158        0.944639     0.142921      0.944639    
56      0.232588     0.767412     0.542642       0.665420   0.863608     0.210805     0.863608     0.795735     0.416230        0.795735        0.944138     0.141145      0.944138    
57      0.222331     0.777669     0.547465       0.663147   0.870564     0.212457     0.870564     0.797292     0.481947        0.797292        0.958667     0.136263      0.958667    
58      0.221842     0.778158     0.555584       0.689132   0.870162     0.238686     0.870162     0.800463     0.487671        0.800463        0.953156     0.158012      0.953156    
59      0.233076     0.766924     0.546311       0.665513   0.862889     0.223307     0.862889     0.797197     0.418803        0.797197        0.940381     0.152241      0.940381    
60      0.226434     0.773566     0.541489       0.670378   0.868176     0.197924     0.868176     0.795104     0.448980        0.795104        0.956037     0.126942      0.956037    
61      0.233467     0.766533     0.540166       0.663578   0.863210     0.203864     0.863210     0.794793     0.408545        0.794793        0.944514     0.135819      0.944514    
62      0.234737     0.765263     0.544131       0.667875   0.861889     0.218537     0.861889     0.796389     0.408759        0.796389        0.939128     0.149134      0.939128    
63      0.237277     0.762723     0.544255       0.661776   0.860008     0.222222     0.860008     0.796520     0.398851        0.796520        0.934494     0.154017      0.934494    
64      0.232392     0.767608     0.536873       0.667375   0.864313     0.191091     0.864313     0.793486     0.408430        0.793486        0.949023     0.124723      0.949023    
65      0.224871     0.775129     0.550934       0.668378   0.868412     0.227517     0.868412     0.798738     0.466300        0.798738        0.951403     0.150466      0.951403    
66      0.237179     0.762821     0.532370       0.661487   0.861273     0.183042     0.861273     0.791868     0.378303        0.791868        0.944013     0.120728      0.944013    
67      0.229657     0.770343     0.546113       0.667767   0.865403     0.218158     0.865403     0.797005     0.435013        0.797005        0.946643     0.145584      0.946643    
68      0.223308     0.776692     0.553689       0.650923   0.869282     0.234427     0.869282     0.799769     0.477490        0.799769        0.952029     0.155348      0.952029    
69      0.227899     0.772101     0.542302       0.662173   0.867043     0.202938     0.867043     0.795462     0.440653        0.795462        0.952781     0.131824      0.952781    
70      0.227215     0.772785     0.557078       0.665964   0.866122     0.249677     0.866122     0.801278     0.456907        0.801278        0.942385     0.171771      0.942385    
71      0.232490     0.767510     0.541430       0.664493   0.863798     0.206667     0.863798     0.795258     0.414993        0.795258        0.945266     0.137594      0.945266    
72      0.233076     0.766924     0.531018       0.653535   0.864386     0.171528     0.864386     0.791259     0.393939        0.791259        0.952405     0.109632      0.952405    
73      0.234248     0.765752     0.555755       0.682238   0.861082     0.253425     0.861082     0.801035     0.424400        0.801035        0.930862     0.180648      0.930862    
74      0.239621     0.760379     0.534309       0.642526   0.859290     0.193357     0.859290     0.792676     0.373096        0.792676        0.938126     0.130493      0.938126    
75      0.226336     0.773664     0.565607       0.663193   0.865938     0.273895     0.865938     0.804710     0.465885        0.804710        0.937249     0.193964      0.937249    
76      0.227801     0.772199     0.546507       0.667737   0.866712     0.216924     0.866712     0.797098     0.445517        0.797098        0.949649     0.143364      0.949649    
77      0.234346     0.765654     0.547568       0.667336   0.861833     0.228865     0.861833     0.797740     0.414918        0.797740        0.937124     0.158012      0.937124    
78      0.235518     0.764482     0.549525       0.669041   0.860773     0.236300     0.860773     0.798564     0.412611        0.798564        0.933492     0.165557      0.933492    
79      0.220963     0.779037     0.553917       0.674164   0.870949     0.232179     0.870949     0.799769     0.493506        0.799769        0.956037     0.151798      0.956037    
80      0.224187     0.775813     0.549939       0.671062   0.868999     0.223350     0.868999     0.798322     0.470085        0.798322        0.953407     0.146471      0.953407    
81      0.224773     0.775227     0.559121       0.662321   0.867705     0.253165     0.867705     0.801998     0.471014        0.801998        0.945140     0.173103      0.945140    
82      0.226824     0.773176     0.552868       0.669756   0.866812     0.236184     0.866812     0.799577     0.456163        0.799577        0.946393     0.159343      0.946393    
83      0.227410     0.772590     0.545005       0.680307   0.867138     0.211382     0.867138     0.796498     0.446352        0.796498        0.951528     0.138482      0.951528    
84      0.229266     0.770734     0.547957       0.685861   0.865509     0.223619     0.865509     0.797718     0.438961        0.797718        0.945892     0.150022      0.945892    
85      0.238253     0.761747     0.539965       0.664661   0.859723     0.209913     0.859723     0.794853     0.388489        0.794853        0.936122     0.143808      0.936122    
86      0.237765     0.762235     0.542509       0.649210   0.859825     0.217363     0.859825     0.795842     0.394399        0.795842        0.934995     0.150022      0.934995    
87      0.234932     0.765068     0.540661       0.665872   0.862091     0.207578     0.862091     0.795029     0.402813        0.795029        0.941508     0.139814      0.941508    
88      0.225164     0.774836     0.549791       0.675539   0.868308     0.224167     0.868308     0.798298     0.463788        0.798298        0.951779     0.147803      0.951779    
89      0.240793     0.759207     0.531328       0.658590   0.858731     0.185124     0.858731     0.791548     0.362694        0.791548        0.938377     0.124279      0.938377    
90      0.231806     0.768194     0.541231       0.668117   0.864315     0.205025     0.864315     0.795160     0.418033        0.795160        0.946643     0.135819      0.946643    
91      0.231220     0.768780     0.540492       0.651238   0.864812     0.201686     0.864812     0.794856     0.419944        0.794856        0.948272     0.132712      0.948272    
92      0.232588     0.767412     0.539934       0.653930   0.863873     0.201810     0.863873     0.794678     0.412329        0.794678        0.946268     0.133600      0.946268    
93      0.223210     0.776790     0.551362       0.670620   0.869570     0.226734     0.869570     0.798846     0.477208        0.798846        0.954033     0.148691      0.954033    
94      0.236983     0.763017     0.536319       0.664931   0.861022     0.196156     0.861022     0.793391     0.386928        0.793391        0.941258     0.131380      0.941258    
95      0.239621     0.760379     0.522840       0.650649   0.860443     0.153262     0.860443     0.788283     0.344720        0.788283        0.947144     0.098535      0.947144    
96      0.237570     0.762430     0.524314       0.646509   0.861787     0.154969     0.861787     0.788806     0.356800        0.788806        0.949649     0.098979      0.949649    
97      0.226531     0.773469     0.548595       0.663625   0.867433     0.222073     0.867433     0.797876     0.454670        0.797876        0.950276     0.146915      0.950276    
98      0.229852     0.770148     0.550289       0.673257   0.864856     0.231799     0.864856     0.798663     0.438272        0.798663        0.943011     0.157568      0.943011    
99      0.223698     0.776302     0.549615       0.681607   0.869382     0.221618     0.869382     0.798178     0.473149        0.798178        0.954534     0.144696      0.954534    
100     0.225750     0.774250     0.552282       0.653358   0.867648     0.232990     0.867648     0.799304     0.461842        0.799304        0.948773     0.155792      0.948773    
101     0.227996     0.772004     0.546860       0.675858   0.866537     0.218352     0.866537     0.797243     0.444748        0.797243        0.949023     0.144696      0.949023    
============================================================================================================================================

MATRICE DI CONFUSIONE SUL VALIDATION SET:
----------------------------------------
tp: 7577  fp: 1927  fn: 407   tn: 326  


STATISTICHE FINALI:
============================================================

🔹 LOSS:
   Rounds disponibili  : 100
   Valore iniziale     : 0.229462 
   Valore finale       : 0.227996 
   Valore minimo       : 0.220084 
   Valore massimo      : 0.242454 
   Valore medio        : 0.230280 
   Miglioramento       : -0.001465 📉

🔹 ACCURACY:
   Rounds disponibili  : 100
   Valore iniziale     : 0.770538 
   Valore finale       : 0.772004 
   Valore minimo       : 0.757546 
   Valore massimo      : 0.779916 
   Valore medio        : 0.769720 
   Miglioramento       : 0.001465  📈

🔹 BALANCEDACC:
   Rounds disponibili  : 100
   Valore iniziale     : 0.544486 
   Valore finale       : 0.546860 
   Valore minimo       : 0.522840 
   Valore massimo      : 0.568499 
   Valore medio        : 0.545290 
   Miglioramento       : 0.002373  📈

🔹 AUC:
   Rounds disponibili  : 100
   Valore iniziale     : 0.680044 
   Valore finale       : 0.675858 
   Valore minimo       : 0.641366 
   Valore massimo      : 0.689132 
   Valore medio        : 0.665513 
   Miglioramento       : -0.004185 📉

🔹 F1_SCORE:
   Rounds disponibili  : 100
   Valore iniziale     : 0.865702 
   Valore finale       : 0.866537 
   Valore minimo       : 0.857011 
   Valore massimo      : 0.871135 
   Valore medio        : 0.865024 
   Miglioramento       : 0.000835  📈

🔹 F1_NATURAL:
   Rounds disponibili  : 100
   Valore iniziale     : 0.212538 
   Valore finale       : 0.218352 
   Valore minimo       : 0.153262 
   Valore massimo      : 0.276261 
   Valore medio        : 0.215881 
   Miglioramento       : 0.005815  📈

🔹 F1_ATTACK:
   Rounds disponibili  : 100
   Valore iniziale     : 0.865702 
   Valore finale       : 0.866537 
   Valore minimo       : 0.857011 
   Valore massimo      : 0.871135 
   Valore medio        : 0.865024 
   Miglioramento       : 0.000835  📈

🔹 PRECISION:
   Rounds disponibili  : 100
   Valore iniziale     : 0.796361 
   Valore finale       : 0.797243 
   Valore minimo       : 0.788283 
   Valore massimo      : 0.805588 
   Valore medio        : 0.796717 
   Miglioramento       : 0.000883  📈

🔹 PRECISION_NAT:
   Rounds disponibili  : 100
   Valore iniziale     : 0.434247 
   Valore finale       : 0.444748 
   Valore minimo       : 0.344720 
   Valore massimo      : 0.500000 
   Valore medio        : 0.430898 
   Miglioramento       : 0.010501  📈

🔹 PRECISION_ATT:
   Rounds disponibili  : 100
   Valore iniziale     : 0.796361 
   Valore finale       : 0.797243 
   Valore minimo       : 0.788283 
   Valore massimo      : 0.805588 
   Valore medio        : 0.796717 
   Miglioramento       : 0.000883  📈

🔹 RECALL:
   Rounds disponibili  : 100
   Valore iniziale     : 0.948272 
   Valore finale       : 0.949023 
   Valore minimo       : 0.928607 
   Valore massimo      : 0.963427 
   Valore medio        : 0.946177 
   Miglioramento       : 0.000752  📈

🔹 RECALL_NAT:
   Rounds disponibili  : 100
   Valore iniziale     : 0.140701 
   Valore finale       : 0.144696 
   Valore minimo       : 0.098535 
   Valore massimo      : 0.193964 
   Valore medio        : 0.144403 
   Miglioramento       : 0.003995  📈

🔹 RECALL_ATT:
   Rounds disponibili  : 100
   Valore iniziale     : 0.948272 
   Valore finale       : 0.949023 
   Valore minimo       : 0.928607 
   Valore massimo      : 0.963427 
   Valore medio        : 0.946177 
   Miglioramento       : 0.000752  📈


# ============== CONFIGURAZIONE RANDOM FOREST OTTIMIZZATO ==============
TREE_SELECTION_METHOD = 'diversity_weighted'
TREE_AGGREGATION_STRATEGY = 'global'
MAX_TREES_GLOBAL = 150
ENSEMBLE_METHOD = 'weighted_voting'
MIN_TREES_PER_CLIENT = 5
ENABLE_FEATURE_ENGINEERING = True
ENABLE_SCALING = False
ENABLE_REMOVE_NEAR_CONSTANT_FEATURES = False
RF_N_ESTIMATORS = 100
RF_MAX_DEPTH = 15
RF_MIN_SAMPLES_SPLIT = 5
RF_MIN_SAMPLES_LEAF = 2
RF_CLASS_WEIGHT = 'balanced_subsample'
