RESOCONTO ADDESTRAMENTO FEDERATO SMARTGRID
================================================================================
Rounds completati: 50
Framework: Flower Federated Learning
================================================================================

TABELLA RIASSUNTIVA METRICHE:
========================================================================================================================
Round  Loss       Accuracy   Precision   Recall     F1_Score   AUC_ROC    Specificity
------------------------------------------------------------------------------------------------------------------------
1      0.713968   0.773641   0.770513    0.990033   0.854230   0.798161   0.128232  
2      0.685228   0.768082   0.760522    0.988856   0.836468   0.853482   0.201431  
3      0.605484   0.804258   0.791846    0.986788   0.836468   0.888539   0.332820  
4      0.530358   0.828540   0.812344    0.989559   0.836468   0.916230   0.408222  
5      0.495368   0.840929   0.826041    0.985306   0.836468   0.926270   0.461994  
6      0.462417   0.849850   0.834024    0.986718   0.836468   0.937278   0.487127  
7      0.426480   0.864218   0.848613    0.986034   0.836468   0.946717   0.545345  
8      0.412956   0.868677   0.856273    0.981232   0.836468   0.952364   0.572372  
9      0.403071   0.877105   0.863172    0.984684   0.836468   0.957291   0.591372  
10     0.382657   0.886021   0.872530    0.984845   0.836468   0.958318   0.628465  
11     0.373118   0.886031   0.873084    0.984189   0.836468   0.961190   0.627543  
12     0.359967   0.891477   0.875952    0.988370   0.836468   0.963941   0.640217  
13     0.364923   0.889995   0.876346    0.985725   0.836468   0.962402   0.641813  
14     0.343701   0.904365   0.890936    0.987428   0.836468   0.967369   0.685009  
15     0.338497   0.905358   0.890130    0.990278   0.836468   0.967410   0.682485  
16     0.345898   0.899413   0.887378    0.984880   0.836468   0.965975   0.676793  
17     0.335294   0.904366   0.890440    0.988416   0.836468   0.967750   0.686403  
18     0.318911   0.903375   0.891338    0.985601   0.836468   0.971181   0.687553  
19     0.336680   0.899909   0.889319    0.983622   0.836468   0.966326   0.679638  
20     0.309990   0.912297   0.899838    0.988416   0.836468   0.971797   0.711431  
21     0.328340   0.902882   0.893272    0.982335   0.836468   0.967660   0.696544  
22     0.324527   0.905854   0.894153    0.985690   0.836468   0.969197   0.697806  
23     0.320892   0.913783   0.903264    0.985458   0.836468   0.969333   0.724840  
24     0.311402   0.914771   0.902749    0.987714   0.836468   0.971120   0.723887  
25     0.296676   0.914772   0.901280    0.989944   0.836468   0.973888   0.719457  
26     0.292242   0.925170   0.915157    0.987210   0.836468   0.974551   0.764963  
27     0.299873   0.922201   0.911088    0.987911   0.836468   0.973861   0.753355  
28     0.286217   0.923687   0.911414    0.989962   0.836468   0.974931   0.750278  
29     0.290896   0.920714   0.910399    0.986490   0.836468   0.974097   0.740367  
30     0.297794   0.913286   0.902635    0.985672   0.836468   0.973297   0.724518  
31     0.298659   0.915763   0.907440    0.982786   0.836468   0.975383   0.741207  
32     0.287696   0.924680   0.913630    0.988379   0.836468   0.975143   0.757146  
33     0.275537   0.929629   0.917853    0.990654   0.836468   0.976121   0.771924  
34     0.285301   0.923192   0.910226    0.990456   0.836468   0.977036   0.747538  
35     0.292648   0.921706   0.911123    0.987281   0.836468   0.977093   0.713942  
36     0.272914   0.922697   0.909198    0.991105   0.836468   0.979553   0.755872  
37     0.291910   0.923195   0.910751    0.989790   0.836468   0.977391   0.757048  
38     0.285065   0.925669   0.913614    0.989675   0.836468   0.975778   0.758416  
39     0.287966   0.921707   0.910106    0.988254   0.836468   0.977211   0.741523  
40     0.289579   0.930625   0.921230    0.987554   0.836468   0.976938   0.780493  
41     0.282106   0.926162   0.918150    0.985149   0.836468   0.976184   0.771496  
42     0.285956   0.924675   0.914179    0.987858   0.836468   0.977246   0.743100  
43     0.271131   0.932605   0.920342    0.991779   0.836468   0.980027   0.776892  
44     0.268064   0.931614   0.920235    0.990510   0.836468   0.979379   0.777102  
45     0.281248   0.925668   0.914159    0.989117   0.836468   0.978410   0.760315  
46     0.265485   0.935577   0.924977    0.990386   0.836468   0.979847   0.791576  
47     0.284639   0.926165   0.916532    0.986984   0.836468   0.977143   0.764843  
48     0.280641   0.929135   0.919429    0.987812   0.836468   0.975724   0.776571  
49     0.282537   0.920715   0.908224    0.989845   0.836468   0.978677   0.735685  
50     0.284834   0.926161   0.914388    0.989782   0.836468   0.977273   0.759777  
========================================================================================================================

STATISTICHE FINALI:
============================================================

🔹 VAL_LOSS:
   Rounds disponibili  : 50
   Valore iniziale     : 0.713968
   Valore finale       : 0.284834
   Valore minimo       : 0.265485
   Valore massimo      : 0.713968
   Valore medio        : 0.344955
   Miglioramento       : -0.429134 📉

🔹 GLOBAL_ACCURACY:
   Rounds disponibili  : 50
   Valore iniziale     : 0.773641
   Valore finale       : 0.926161
   Valore minimo       : 0.768082
   Valore massimo      : 0.935577
   Valore medio        : 0.900647
   Miglioramento       : +0.152521 📈

🔹 GLOBAL_PRECISION:
   Rounds disponibili  : 50
   Valore iniziale     : 0.770513
   Valore finale       : 0.914388
   Valore minimo       : 0.760522
   Valore massimo      : 0.924977
   Valore medio        : 0.888837
   Miglioramento       : +0.143875 📈

🔹 GLOBAL_RECALL:
   Rounds disponibili  : 50
   Valore iniziale     : 0.990033
   Valore finale       : 0.989782
   Valore minimo       : 0.981232
   Valore massimo      : 0.991779
   Valore medio        : 0.987490
   Miglioramento       : -0.000251 📉

🔹 GLOBAL_F1_SCORE:
   Rounds disponibili  : 50
   Valore iniziale     : 0.854230
   Valore finale       : 0.836468
   Valore minimo       : 0.836468
   Valore massimo      : 0.854230
   Valore medio        : 0.836823
   Miglioramento       : -0.017763 📉

🔹 GLOBAL_AUC_ROC:
   Rounds disponibili  : 50
   Valore iniziale     : 0.798161
   Valore finale       : 0.977273
   Valore minimo       : 0.798161
   Valore massimo      : 0.980027
   Valore medio        : 0.961390
   Miglioramento       : +0.179111 📈

🔹 GLOBAL_SPECIFICITY:
   Rounds disponibili  : 50
   Valore iniziale     : 0.128232
   Valore finale       : 0.759777
   Valore minimo       : 0.128232
   Valore massimo      : 0.791576
   Valore medio        : 0.671095
   Miglioramento       : +0.631545 📈

ADDESTRAMENTO COMPLETATO!
