round	accuracy	precision	recall	f1	specificity	loss
1	0.8114	0.8132	0.9871	0.8917	0.1619	0.4630727075654652
2	0.7789	0.7864	0.9871	0.8754	0.0095	0.5609142553809324
3	0.7809	0.7857	0.9923	0.8770	0.0000	0.5608429128217618
4	0.8154	0.8126	0.9948	0.8946	0.1524	0.4631123013394673
5	0.7728	0.7863	0.9768	0.8713	0.0190	0.5880087072112282
6	0.7667	0.7838	0.9716	0.8677	0.0095	0.5668096829982429
7	0.7647	0.7822	0.9716	0.8667	0.0000	0.5834694285200214
8	0.7627	0.7841	0.9639	0.8647	0.0190	0.5756252322945893
9	0.7566	0.7803	0.9613	0.8614	0.0000	0.570019105919345
10	0.8337	0.8355	0.9820	0.9028	0.2857	0.46993515175991596
11	0.7830	0.7862	0.9948	0.8783	0.0000	0.5483708733320438
12	0.8215	0.8191	0.9923	0.8974	0.1905	0.4638420588652379
13	0.7728	0.7863	0.9768	0.8713	0.0190	0.5654970908221345
14	0.7769	0.7848	0.9871	0.8744	0.0000	0.5612104686618419
15	0.8195	0.8161	0.9948	0.8966	0.1714	0.4510533005866947
16	0.8012	0.8033	0.9897	0.8868	0.1048	0.46561119816331004
17	0.8357	0.8287	0.9974	0.9053	0.2381	0.46019315456596366
18	0.7769	0.7860	0.9845	0.8741	0.0095	0.5587571430183198
19	0.7606	0.7812	0.9665	0.8641	0.0000	0.5719563074808321
20	0.7343	0.7800	0.9227	0.8453	0.0381	0.5836241840122696
21	0.7870	0.7870	1.0000	0.8808	0.0000	0.5526972945360091
22	0.8073	0.8033	1.0000	0.8909	0.0952	0.4513529975839599
23	0.8093	0.8050	1.0000	0.8920	0.1048	0.4461142725890297
24	0.7728	0.7911	0.9665	0.8701	0.0571	0.5692593266815205
25	0.7708	0.7835	0.9794	0.8706	0.0000	0.5667402756050718
26	0.7769	0.7848	0.9871	0.8744	0.0000	0.5619602125678145
27	0.7870	0.7870	1.0000	0.8808	0.0000	0.5665923179314396
28	0.7809	0.7857	0.9923	0.8770	0.0000	0.5693653976837406
29	0.8215	0.8178	0.9948	0.8977	0.1810	0.46699281798882913
30	0.8053	0.8080	0.9871	0.8886	0.1333	0.460964676436797
31	0.7627	0.7829	0.9665	0.8651	0.0095	0.5644960993406664
32	0.7343	0.7800	0.9227	0.8453	0.0381	0.5836241840122696
33	0.8073	0.8046	0.9974	0.8907	0.1048	0.43837870724301936
34	0.8256	0.8186	1.0000	0.9002	0.1810	0.4478260398794559
35	0.8073	0.8058	0.9948	0.8904	0.1143	0.457902731381109
36	0.7769	0.7848	0.9871	0.8744	0.0000	0.5610114848273764
37	0.7647	0.7833	0.9691	0.8664	0.0095	0.5670731710246922
38	0.7647	0.7833	0.9691	0.8664	0.0095	0.5680108101184633
39	0.7769	0.7872	0.9820	0.8739	0.0190	0.5651452103549911
40	0.7525	0.7830	0.9485	0.8578	0.0286	0.582124381922564
41	0.7748	0.7856	0.9820	0.8729	0.0095	0.5588295564713712
42	0.7708	0.7859	0.9742	0.8700	0.0190	0.5659138130769684
43	0.7546	0.7811	0.9562	0.8598	0.0095	0.5729348561774702
44	0.8174	0.8130	0.9974	0.8958	0.1524	0.45998602227374297
45	0.8134	0.8109	0.9948	0.8935	0.1429	0.4583075562663507
46	0.7708	0.7871	0.9716	0.8697	0.0286	0.5757461410634256
47	0.7688	0.7831	0.9768	0.8693	0.0000	0.565351308636723
48	0.7606	0.7824	0.9639	0.8637	0.0095	0.5665441605380848
49	0.7911	0.7914	0.9974	0.8826	0.0286	0.4463521228320283
50	0.7667	0.7826	0.9742	0.8680	0.0000	0.5505749684109355
51	0.7830	0.7862	0.9948	0.8783	0.0000	0.5525187681864805
52	0.7769	0.7860	0.9845	0.8741	0.0095	0.5597018352721594
53	0.8093	0.8101	0.9897	0.8910	0.1429	0.4641876745587774
54	0.7809	0.7917	0.9794	0.8756	0.0476	0.5747328945965148
55	0.7830	0.7885	0.9897	0.8777	0.0190	0.5802741678597164
56	0.7830	0.7897	0.9871	0.8774	0.0286	0.5562536828021267
57	0.7830	0.7862	0.9948	0.8783	0.0000	0.5486354169530826
58	0.7830	0.7885	0.9897	0.8777	0.0190	0.5690046006925877
59	0.7748	0.7891	0.9742	0.8720	0.0381	0.5746580379434507
60	0.7708	0.7871	0.9716	0.8697	0.0286	0.5768645157055342
61	0.7789	0.7853	0.9897	0.8757	0.0000	0.5565326174730265
62	0.7769	0.7860	0.9845	0.8741	0.0095	0.5693033399160727
63	0.7769	0.7848	0.9871	0.8744	0.0000	0.5632376626631416
64	0.8053	0.8017	1.0000	0.8899	0.0857	0.44443489687186544
65	0.7728	0.7875	0.9742	0.8710	0.0286	0.5597876253301712
66	0.7647	0.7822	0.9716	0.8667	0.0000	0.5593532436407528
67	0.7748	0.7844	0.9845	0.8731	0.0000	0.5521531024879386
68	0.7850	0.7889	0.9923	0.8790	0.0190	0.5532013314115054
69	0.8053	0.8029	0.9974	0.8897	0.0952	0.44813274198912506
70	0.7830	0.7897	0.9871	0.8774	0.0286	0.5714020949148261
71	0.8154	0.8100	1.0000	0.8950	0.1333	0.4579957729023133
72	0.8032	0.8050	0.9897	0.8879	0.1143	0.4621742490202796
73	0.7485	0.7857	0.9356	0.8541	0.0571	0.5695079942633
74	0.7728	0.7863	0.9768	0.8713	0.0190	0.5570742669370103
75	0.7769	0.7848	0.9871	0.8744	0.0000	0.5495428018905918
76	0.7748	0.7928	0.9665	0.8711	0.0667	0.5568315579674684
77	0.7647	0.7822	0.9716	0.8667	0.0000	0.5657621127904892
78	0.8195	0.8147	0.9974	0.8969	0.1619	0.45456994975919224
79	0.7789	0.7853	0.9897	0.8757	0.0000	0.5564015047816921
80	0.7809	0.7857	0.9923	0.8770	0.0000	0.5622059959024985
81	0.8235	0.8168	1.0000	0.8992	0.1714	0.4632134752128907
82	0.8073	0.8058	0.9948	0.8904	0.1143	0.44819238719544885
83	0.7688	0.7854	0.9716	0.8687	0.0190	0.5580824988613493
84	0.7627	0.7841	0.9639	0.8647	0.0190	0.5756252322945893
85	0.7830	0.7873	0.9923	0.8780	0.0095	0.5602303074144291
86	0.8337	0.8269	0.9974	0.9042	0.2286	0.4641366962161967
87	0.7789	0.7853	0.9897	0.8757	0.0000	0.5569646365567473
88	0.7870	0.7894	0.9948	0.8803	0.0190	0.5772689848056426
89	0.7809	0.7857	0.9923	0.8770	0.0000	0.5590644496018976
90	0.8032	0.8012	0.9974	0.8886	0.0857	0.45944608477767124
91	0.7830	0.7862	0.9948	0.8783	0.0000	0.5477965759007498
92	0.7688	0.7831	0.9768	0.8693	0.0000	0.5835479679777255
93	0.8032	0.8025	0.9948	0.8884	0.0952	0.45191808175593323
94	0.8256	0.8199	0.9974	0.9000	0.1905	0.46672090903188923
95	0.8073	0.8058	0.9948	0.8904	0.1143	0.4605363920278638
96	0.8316	0.8266	0.9948	0.9029	0.2286	0.46127698013755447
97	0.8195	0.8147	0.9974	0.8969	0.1619	0.44797372898822224
98	0.8073	0.8033	1.0000	0.8909	0.0952	0.439250862815723
99	0.7830	0.7873	0.9923	0.8780	0.0095	0.5644086641664193
100	0.8114	0.8092	0.9948	0.8925	0.1333	0.45126348024608365
101	0.7809	0.7857	0.9923	0.8770	0.0000	0.5603931857162546
102	0.7809	0.7857	0.9923	0.8770	0.0000	0.5531022767866034
103	0.7769	0.7848	0.9871	0.8744	0.0000	0.5588409166754126
104	0.7850	0.7866	0.9974	0.8795	0.0000	0.5575594194476564
105	0.7627	0.7853	0.9613	0.8644	0.0286	0.572398070533558
106	0.7728	0.7840	0.9820	0.8719	0.0000	0.5518970146263051
107	0.7688	0.7842	0.9742	0.8690	0.0095	0.5739466207034637
108	0.7586	0.7808	0.9639	0.8627	0.0000	0.5542833903306349
109	0.7505	0.7801	0.9510	0.8571	0.0095	0.5801394750611698
110	0.7465	0.7780	0.9485	0.8548	0.0000	0.5703008362273262
111	0.7830	0.7873	0.9923	0.8780	0.0095	0.5483374393504356
112	0.7890	0.7910	0.9948	0.8813	0.0286	0.5605922176902691
113	0.7688	0.7854	0.9716	0.8687	0.0190	0.5835683219447828
114	0.7769	0.7860	0.9845	0.8741	0.0095	0.5718650494669044
115	0.8316	0.8266	0.9948	0.9029	0.2286	0.46617789768267964
116	0.7769	0.7848	0.9871	0.8744	0.0000	0.5679559589541747
117	0.8053	0.8029	0.9974	0.8897	0.0952	0.4573715027715077
118	0.7830	0.7862	0.9948	0.8783	0.0000	0.5689463262301762
119	0.7850	0.7866	0.9974	0.8795	0.0000	0.5506023089910992
120	0.8012	0.7984	1.0000	0.8879	0.0667	0.4472795154254658
121	0.7769	0.7872	0.9820	0.8739	0.0190	0.566198845532741
122	0.7728	0.7840	0.9820	0.8719	0.0000	0.5698016737300522
123	0.7769	0.7848	0.9871	0.8744	0.0000	0.5597153476017936
124	0.8256	0.8186	1.0000	0.9002	0.1810	0.4558388509115541
125	0.8215	0.8165	0.9974	0.8979	0.1714	0.4524271221140018
126	0.8114	0.8092	0.9948	0.8925	0.1333	0.4496687003001398
127	0.7708	0.7859	0.9742	0.8700	0.0190	0.5674114490372348
128	0.7728	0.7863	0.9768	0.8713	0.0190	0.5597715519269505
129	0.8134	0.8122	0.9923	0.8933	0.1524	0.4542111049666305
130	0.7769	0.7848	0.9871	0.8744	0.0000	0.5679041868460015
131	0.8377	0.8377	0.9845	0.9052	0.2952	0.47140799462040267
132	0.8114	0.8092	0.9948	0.8925	0.1333	0.46439439332792376
133	0.8337	0.8255	1.0000	0.9044	0.2190	0.4480072875573611
134	0.7708	0.7871	0.9716	0.8697	0.0286	0.558625514798094
135	0.7992	0.8004	0.9923	0.8861	0.0857	0.44614124045095216
136	0.7890	0.7898	0.9974	0.8815	0.0190	0.43239097098016316
137	0.8215	0.8165	0.9974	0.8979	0.1714	0.4511058482796202
138	0.8134	0.8122	0.9923	0.8933	0.1524	0.46325758854482463
139	0.7809	0.7857	0.9923	0.8770	0.0000	0.5651392945843031
140	0.7748	0.7844	0.9845	0.8731	0.0000	0.5693998695425275
141	0.8114	0.8092	0.9948	0.8925	0.1333	0.46013642665129134
142	0.7769	0.7848	0.9871	0.8744	0.0000	0.5722614078114526
143	0.7789	0.7853	0.9897	0.8757	0.0000	0.5547781019169915
144	0.7748	0.7844	0.9845	0.8731	0.0000	0.5567669576756794
145	0.8174	0.8197	0.9845	0.8946	0.2000	0.47202535180930943
146	0.8053	0.8093	0.9845	0.8884	0.1429	0.4619876042845154
147	0.7688	0.7842	0.9742	0.8690	0.0095	0.5558615352992285
148	0.7809	0.7881	0.9871	0.8764	0.0190	0.5538056311550338
149	0.8215	0.8178	0.9948	0.8977	0.1810	0.4598614319589012
150	0.7789	0.7864	0.9871	0.8754	0.0095	0.5638263955158912
151	0.7789	0.7888	0.9820	0.8749	0.0286	0.5661486673621222
152	0.7809	0.7857	0.9923	0.8770	0.0000	0.5548868389467274
153	0.7830	0.7897	0.9871	0.8774	0.0286	0.5696640071490504
154	0.7748	0.7856	0.9820	0.8729	0.0095	0.5653386535527151
155	0.7789	0.7853	0.9897	0.8757	0.0000	0.5583485550269911
156	0.7769	0.7848	0.9871	0.8744	0.0000	0.5558321330210301
157	0.7789	0.7853	0.9897	0.8757	0.0000	0.5504332583305229
158	0.7688	0.7842	0.9742	0.8690	0.0095	0.5559643835489169
159	0.7748	0.7856	0.9820	0.8729	0.0095	0.5637807600125657
160	0.7647	0.7881	0.9588	0.8651	0.0476	0.5550875061883588
161	0.8134	0.8096	0.9974	0.8938	0.1333	0.45412605260394134
162	0.7708	0.7835	0.9794	0.8706	0.0000	0.5617513227333678
163	0.7728	0.7851	0.9794	0.8716	0.0095	0.5760024740323177
164	0.8134	0.8122	0.9923	0.8933	0.1524	0.4571447758512855
165	0.7769	0.7848	0.9871	0.8744	0.0000	0.5534590717784821
166	0.7525	0.7830	0.9485	0.8578	0.0286	0.5829443552973763
167	0.7809	0.7857	0.9923	0.8770	0.0000	0.5656652321903439
168	0.7830	0.7873	0.9923	0.8780	0.0095	0.564883821051885
169	0.7627	0.7817	0.9691	0.8654	0.0000	0.571199086927467
170	0.7748	0.7844	0.9845	0.8731	0.0000	0.5594433290719287
171	0.7748	0.7844	0.9845	0.8731	0.0000	0.5687668676919103
172	0.7748	0.7856	0.9820	0.8729	0.0095	0.5544531430798713
173	0.8174	0.8117	1.0000	0.8961	0.1429	0.45333015701615287
174	0.7850	0.7866	0.9974	0.8795	0.0000	0.5626115709164342
175	0.8093	0.8063	0.9974	0.8917	0.1143	0.4568645070790939
176	0.7789	0.7888	0.9820	0.8749	0.0286	0.5504957674512729
177	0.7444	0.7799	0.9407	0.8528	0.0190	0.5741400468358644
178	0.7748	0.7856	0.9820	0.8729	0.0095	0.5664318791337185
179	0.7850	0.7866	0.9974	0.8795	0.0000	0.5657377488672124
180	0.8073	0.8071	0.9923	0.8902	0.1238	0.4592540768667385
181	0.7748	0.7879	0.9768	0.8723	0.0286	0.5791209648177505
182	0.7667	0.7874	0.9639	0.8667	0.0381	0.5670609871085992
183	0.8357	0.8287	0.9974	0.9053	0.2381	0.4576745700342928
184	0.7809	0.7869	0.9897	0.8767	0.0095	0.5755879585413987
185	0.7627	0.7853	0.9613	0.8644	0.0286	0.5611719342252186
186	0.8235	0.8195	0.9948	0.8987	0.1905	0.45671735210161646
187	0.7586	0.7820	0.9613	0.8624	0.0095	0.5636825801478083
188	0.8114	0.8067	1.0000	0.8930	0.1143	0.4552932662995009
189	0.8073	0.8071	0.9923	0.8902	0.1238	0.46164389887513185
190	0.8235	0.8251	0.9845	0.8978	0.2286	0.46991295419432005
191	0.7769	0.7860	0.9845	0.8741	0.0095	0.5721171691370096
192	0.7708	0.7847	0.9768	0.8703	0.0095	0.5633474369703922
193	0.7667	0.7862	0.9665	0.8671	0.0286	0.576467701566254
194	0.7830	0.7873	0.9923	0.8780	0.0095	0.5676172931222393
195	0.7789	0.7876	0.9845	0.8751	0.0190	0.5782105682553157
196	0.7809	0.7857	0.9923	0.8770	0.0000	0.557817411215958
197	0.7769	0.7860	0.9845	0.8741	0.0095	0.5575840760384262
198	0.7850	0.7913	0.9871	0.8784	0.0381	0.5607534423518347
199	0.7667	0.7850	0.9691	0.8674	0.0190	0.574758954802517
200	0.8316	0.8238	1.0000	0.9034	0.2095	0.4525217260972502
