client_id	round	val_accuracy	val_f1_score	val_precision	val_recall
4	1	0.9434697855750487	0.9575402635431918	0.956140350877193	0.9589442815249267
12	1	0.9339805825242719	0.9512893982808023	0.9431818181818182	0.9595375722543352
5	1	0.958904109589041	0.97165991902834	0.9703504043126685	0.972972972972973
14	1	0.9447731755424064	0.9628647214854111	0.9654255319148937	0.9603174603174603
1	1	0.9432048681541582	0.964735516372796	0.9433497536945813	0.9871134020618557
9	2	0.6888045540796964	0.8136363636363636	0.685823754789272	1.0
12	2	0.8038834951456311	0.8723135271807838	0.7752808988764045	0.9971098265895953
11	2	0.7869481765834933	0.8776185226019846	0.7834645669291339	0.9974937343358395
15	2	0.6884615384615385	0.8076009501187649	0.6813627254509018	0.9912536443148688
7	2	0.7687861271676301	0.8672566371681416	0.7671232876712328	0.9974554707379135
6	3	0.7128309572301426	0.8323424494649228	0.7128309572301426	1.0
2	3	0.718562874251497	0.833922261484099	0.7151515151515152	1.0
5	3	0.735812133072407	0.8457142857142858	0.7326732673267327	1.0
14	3	0.7692307692307693	0.865979381443299	0.7636363636363637	1.0
10	3	0.7168784029038112	0.8347457627118644	0.7163636363636363	1.0
1	4	0.7910750507099391	0.8828213879408419	0.790224032586558	1.0
2	4	0.7225548902195609	0.8358913813459268	0.718052738336714	1.0
5	4	0.7592954990215264	0.8574739281575898	0.7505070993914807	1.0
11	4	0.781190019193858	0.875	0.7777777777777778	1.0
4	4	0.6647173489278753	0.7985948477751756	0.6647173489278753	1.0
4	5	0.6666666666666666	0.7995310668229777	0.666015625	1.0
8	5	0.720532319391635	0.8375690607734807	0.720532319391635	1.0
9	5	0.6774193548387096	0.8076923076923077	0.6787072243346007	0.9972067039106145
12	5	0.6737864077669903	0.8046511627906977	0.6731517509727627	1.0
3	5	0.7140186915887851	0.8331515812431843	0.7140186915887851	1.0
6	6	0.7128309572301426	0.8323424494649228	0.7128309572301426	1.0
4	6	0.6647173489278753	0.7985948477751756	0.6647173489278753	1.0
10	6	0.7168784029038112	0.8347457627118644	0.7163636363636363	1.0
15	6	0.6596153846153846	0.7949015063731171	0.6596153846153846	1.0
12	6	0.6737864077669903	0.8046511627906977	0.6731517509727627	1.0
4	7	0.6647173489278753	0.7985948477751756	0.6647173489278753	1.0
8	7	0.720532319391635	0.8375690607734807	0.720532319391635	1.0
6	7	0.7128309572301426	0.8323424494649228	0.7128309572301426	1.0
9	7	0.6793168880455408	0.8090395480225989	0.6793168880455408	1.0
3	7	0.7140186915887851	0.8331515812431843	0.7140186915887851	1.0
12	8	0.6757281553398058	0.8055878928987195	0.6744639376218323	1.0
2	8	0.7065868263473054	0.8280701754385965	0.7065868263473054	1.0
15	8	0.6615384615384615	0.7958236658932715	0.6608863198458574	1.0
9	8	0.6793168880455408	0.8090395480225989	0.6793168880455408	1.0
11	8	0.7658349328214972	0.8673913043478261	0.7658349328214972	1.0
5	9	0.7436399217221135	0.8495981630309989	0.7385229540918163	1.0
14	9	0.7455621301775148	0.8542372881355932	0.7455621301775148	1.0
15	9	0.6634615384615384	0.7967479674796748	0.6621621621621622	1.0
11	9	0.763915547024952	0.8661588683351469	0.7653846153846153	0.9974937343358395
9	9	0.6793168880455408	0.8090395480225989	0.6793168880455408	1.0
10	10	0.7150635208711433	0.8335100742311771	0.7158469945355191	0.9974619289340102
2	10	0.7085828343313373	0.8290398126463701	0.708	1.0
1	10	0.8032454361054767	0.8888888888888888	0.8	1.0
4	10	0.6686159844054581	0.8004694835680751	0.6673189823874756	1.0
15	10	0.6596153846153846	0.7949015063731171	0.6596153846153846	1.0
14	11	0.7455621301775148	0.8542372881355932	0.7455621301775148	1.0
7	11	0.7630057803468208	0.8646864686468647	0.7616279069767442	1.0
11	11	0.763915547024952	0.8661588683351469	0.7653846153846153	0.9974937343358395
6	11	0.7128309572301426	0.8323424494649228	0.7128309572301426	1.0
8	11	0.720532319391635	0.8375690607734807	0.720532319391635	1.0
12	12	0.6796116504854369	0.8065650644783119	0.6785009861932939	0.9942196531791907
2	12	0.7105788423153693	0.8300117233294255	0.7094188376753507	1.0
4	12	0.6647173489278753	0.7985948477751756	0.6647173489278753	1.0
1	12	0.8356997971602435	0.9052631578947369	0.828693790149893	0.9974226804123711
11	12	0.7677543186180422	0.8680479825517994	0.7683397683397684	0.9974937343358395
11	13	0.7658349328214972	0.8671023965141612	0.766859344894027	0.9974937343358395
14	13	0.7455621301775148	0.8542372881355932	0.7455621301775148	1.0
4	13	0.6686159844054581	0.8004694835680751	0.6673189823874756	1.0
2	13	0.7085828343313373	0.8290398126463701	0.708	1.0
7	13	0.7803468208092486	0.8733333333333333	0.7751479289940828	1.0
8	14	0.720532319391635	0.8375690607734807	0.720532319391635	1.0
15	14	0.6653846153846154	0.7976744186046512	0.6634429400386848	1.0
7	14	0.7938342967244701	0.8799102132435466	0.7871485943775101	0.9974554707379135
5	14	0.7377690802348337	0.8466819221967964	0.7341269841269841	1.0
3	14	0.7140186915887851	0.8331515812431843	0.7140186915887851	1.0
1	15	0.8722109533468559	0.9247311827956989	0.8619153674832962	0.9974226804123711
15	15	0.6711538461538461	0.8004667444574096	0.6673151750972762	1.0
7	15	0.8208092485549133	0.8939566704675028	0.8099173553719008	0.9974554707379135
14	15	0.7435897435897436	0.8529411764705882	0.7450592885375494	0.9973544973544973
3	15	0.7233644859813084	0.8377192982456141	0.720754716981132	1.0
15	16	0.675	0.8014101057579318	0.6712598425196851	0.9941690962099126
9	16	0.683111954459203	0.8108720271800679	0.6819047619047619	1.0
10	16	0.6932849364791288	0.8176914778856527	0.7110694183864915	0.9619289340101523
8	16	0.7300380228136882	0.8422222222222222	0.727447216890595	1.0
1	16	0.8904665314401623	0.9347826086956522	0.8795454545454545	0.9974226804123711
15	17	0.6846153846153846	0.806146572104019	0.6779324055666004	0.9941690962099126
1	17	0.9066937119675457	0.9437652811735942	0.8976744186046511	0.9948453608247423
14	17	0.7534516765285996	0.8574686431014823	0.7535070140280561	0.9947089947089947
10	17	0.6950998185117967	0.8189655172413793	0.7116104868913857	0.9644670050761421
2	17	0.7105788423153693	0.8300117233294255	0.7094188376753507	1.0
5	18	0.7318982387475538	0.8437856328392246	0.7297830374753451	1.0
11	18	0.7696737044145874	0.8669623059866962	0.7773359840954275	0.9799498746867168
15	18	0.6903846153846154	0.8085612366230678	0.6827309236947792	0.9912536443148688
8	18	0.7357414448669202	0.8450390189520625	0.7316602316602316	1.0
6	18	0.7209775967413442	0.8359281437125748	0.7195876288659794	0.9971428571428571
4	19	0.682261208576998	0.8061831153388823	0.678	0.9941348973607038
5	19	0.7318982387475538	0.8437856328392246	0.7297830374753451	1.0
15	19	0.6942307692307692	0.8104886769964244	0.6854838709677419	0.9912536443148688
6	19	0.7209775967413442	0.8359281437125748	0.7195876288659794	0.9971428571428571
3	19	0.7252336448598131	0.8372093023255814	0.72552783109405	0.9895287958115183
15	20	0.6903846153846154	0.8085612366230678	0.6827309236947792	0.9912536443148688
12	20	0.6699029126213593	0.7976190476190477	0.6781376518218624	0.9682080924855492
9	20	0.6736242884250474	0.8041002277904328	0.6788461538461539	0.9860335195530726
2	20	0.7065868263473054	0.827262044653349	0.7082494969818913	0.9943502824858758
3	20	0.719626168224299	0.834070796460177	0.7222222222222222	0.9869109947643979
5	21	0.735812133072407	0.8457142857142858	0.7326732673267327	1.0
13	21	0.8030592734225621	0.8886486486486487	0.802734375	0.9951573849878934
3	21	0.719626168224299	0.834070796460177	0.7222222222222222	0.9869109947643979
6	21	0.7209775967413442	0.8359281437125748	0.7195876288659794	0.9971428571428571
11	21	0.7696737044145874	0.8669623059866962	0.7773359840954275	0.9799498746867168
6	22	0.7189409368635438	0.8349282296650717	0.7181069958847737	0.9971428571428571
14	22	0.7455621301775148	0.852233676975945	0.7515151515151515	0.9841269841269841
5	22	0.735812133072407	0.8457142857142858	0.7326732673267327	1.0
1	22	0.9168356997971603	0.9490683229813665	0.9160671462829736	0.9845360824742269
3	22	0.7140186915887851	0.8298109010011123	0.7214700193423598	0.9764397905759162
7	23	0.7996146435452793	0.8810068649885584	0.8004158004158004	0.9796437659033079
1	23	0.920892494929006	0.9516728624535316	0.9164677804295943	0.9896907216494846
12	23	0.6776699029126214	0.8028503562945368	0.6814516129032258	0.976878612716763
6	23	0.714867617107943	0.8325358851674641	0.7160493827160493	0.9942857142857143
3	23	0.7140186915887851	0.8313120176405733	0.7180952380952381	0.9869109947643979
12	24	0.6699029126213593	0.7966507177033493	0.6795918367346939	0.9624277456647399
4	24	0.6861598440545809	0.807185628742515	0.6821862348178138	0.9882697947214076
14	24	0.7534516765285996	0.8558246828143022	0.7586912065439673	0.9814814814814815
5	24	0.7416829745596869	0.8486238532110092	0.7370517928286853	1.0
13	24	0.7954110898661568	0.8838219326818675	0.8011811023622047	0.9854721549636803
10	25	0.7041742286751361	0.8218579234972677	0.7216890595009597	0.9543147208121827
3	25	0.7158878504672898	0.8322295805739515	0.7194656488549618	0.9869109947643979
14	25	0.747534516765286	0.8518518518518519	0.757201646090535	0.9735449735449735
5	25	0.7436399217221135	0.8495981630309989	0.7385229540918163	1.0
2	25	0.7005988023952096	0.8222748815165877	0.7081632653061225	0.980225988700565
15	26	0.6538461538461539	0.7877358490566038	0.6613861386138614	0.9737609329446064
11	26	0.7696737044145874	0.8654708520179372	0.7829614604462475	0.9674185463659147
13	26	0.7934990439770554	0.8828633405639913	0.7996070726915521	0.9854721549636803
12	26	0.6640776699029126	0.7933094384707288	0.6761710794297352	0.9595375722543352
9	26	0.6793168880455408	0.8064146620847652	0.683495145631068	0.9832402234636871
7	27	0.8131021194605009	0.8883774453394706	0.8109243697478992	0.9821882951653944
3	27	0.7177570093457943	0.8331491712707182	0.7208413001912046	0.9869109947643979
12	27	0.6640776699029126	0.7942925089179548	0.6747474747474748	0.9653179190751445
9	27	0.683111954459203	0.8091428571428572	0.6847195357833655	0.9888268156424581
5	27	0.7416829745596869	0.8486238532110092	0.7370517928286853	1.0
4	28	0.6803118908382066	0.8024096385542169	0.6809815950920245	0.9765395894428153
15	28	0.6596153846153846	0.7905325443786982	0.6653386454183267	0.9737609329446064
14	28	0.7495069033530573	0.8531791907514451	0.757700205338809	0.9761904761904762
11	28	0.7658349328214972	0.8629213483146068	0.7820773930753564	0.9624060150375939
8	28	0.7224334600760456	0.835214446952596	0.7297830374753451	0.9762532981530343
8	29	0.7224334600760456	0.835214446952596	0.7297830374753451	0.9762532981530343
4	29	0.6803118908382066	0.8024096385542169	0.6809815950920245	0.9765395894428153
1	29	0.9290060851926978	0.9565217391304348	0.9232613908872902	0.9922680412371134
10	29	0.7168784029038112	0.8304347826086956	0.7262357414448669	0.9695431472081218
2	29	0.7005988023952096	0.8218527315914489	0.7090163934426229	0.9774011299435028
13	30	0.7992351816443595	0.8859934853420195	0.8031496062992126	0.9878934624697336
8	30	0.7224334600760456	0.834841628959276	0.7306930693069307	0.9736147757255936
12	30	0.6563106796116505	0.7880239520958083	0.6728016359918201	0.9508670520231214
9	30	0.6774193548387096	0.8045977011494253	0.68359375	0.9776536312849162
1	30	0.9269776876267748	0.9551122194513716	0.9251207729468599	0.9871134020618557
13	31	0.7877629063097514	0.8784227820372399	0.802	0.9709443099273608
5	31	0.7475538160469667	0.8515535097813579	0.7414829659318637	1.0
8	31	0.7053231939163498	0.8224513172966781	0.7267206477732794	0.9472295514511874
12	31	0.6640776699029126	0.7933094384707288	0.6761710794297352	0.9595375722543352
14	31	0.73767258382643	0.8444444444444444	0.7568134171907757	0.955026455026455
15	32	0.6538461538461539	0.7862232779097387	0.6633266533066132	0.9650145772594753
9	32	0.6793168880455408	0.8050749711649365	0.6856581532416502	0.9748603351955307
12	32	0.6699029126213593	0.7961630695443646	0.680327868852459	0.9595375722543352
3	32	0.7308411214953271	0.8396436525612472	0.7306201550387597	0.9869109947643979
2	32	0.6926147704590818	0.8149038461538461	0.7092050209205021	0.9576271186440678
7	33	0.7649325626204239	0.8571428571428571	0.7939262472885033	0.9312977099236641
12	33	0.6699029126213593	0.7961630695443646	0.680327868852459	0.9595375722543352
10	33	0.7023593466424682	0.8189845474613686	0.724609375	0.9416243654822335
1	33	0.9290060851926978	0.9563046192259675	0.927360774818402	0.9871134020618557
13	33	0.7915869980879541	0.8803512623490669	0.8052208835341366	0.9709443099273608
8	34	0.7186311787072244	0.8275058275058275	0.7411273486430062	0.9366754617414248
1	34	0.9371196754563894	0.9611041405269761	0.9364303178484108	0.9871134020618557
15	34	0.6596153846153846	0.7880239520958083	0.6686991869918699	0.9591836734693877
7	34	0.7495183044315993	0.8459715639810427	0.7915742793791575	0.9083969465648855
6	34	0.7087576374745418	0.8236744759556104	0.7245119305856833	0.9542857142857143
5	35	0.7495107632093934	0.851508120649652	0.7459349593495935	0.9918918918918919
3	35	0.7177570093457943	0.832408435072142	0.7225433526011561	0.981675392670157
1	35	0.9371196754563894	0.9609079445145019	0.9407407407407408	0.9819587628865979
14	35	0.7455621301775148	0.8469750889679716	0.7677419354838709	0.9444444444444444
8	35	0.7262357414448669	0.8317757009345794	0.7463312368972747	0.9393139841688655
11	36	0.7197696737044146	0.8298368298368298	0.775599128540305	0.8922305764411027
13	36	0.7437858508604207	0.8504464285714286	0.7888198757763976	0.9225181598062954
4	36	0.672514619883041	0.7925925925925926	0.6844349680170576	0.9413489736070382
6	36	0.6537678207739308	0.7858942065491183	0.7027027027027027	0.8914285714285715
2	36	0.6666666666666666	0.7950920245398773	0.702819956616052	0.9152542372881356
3	37	0.7065420560747664	0.8249721293199554	0.7184466019417476	0.9685863874345549
10	37	0.6660617059891107	0.7923250564334086	0.7134146341463414	0.8908629441624365
2	37	0.6666666666666666	0.7950920245398773	0.702819956616052	0.9152542372881356
12	37	0.654368932038835	0.7797029702970297	0.6818181818181818	0.9104046242774566
14	37	0.7041420118343196	0.8184019370460048	0.7544642857142857	0.8941798941798942
10	38	0.6660617059891107	0.7923250564334086	0.7134146341463414	0.8908629441624365
4	38	0.672514619883041	0.7925925925925926	0.6844349680170576	0.9413489736070382
2	38	0.6666666666666666	0.7950920245398773	0.702819956616052	0.9152542372881356
12	38	0.654368932038835	0.7797029702970297	0.6818181818181818	0.9104046242774566
11	38	0.7197696737044146	0.8298368298368298	0.775599128540305	0.8922305764411027
2	39	0.6666666666666666	0.7950920245398773	0.702819956616052	0.9152542372881356
7	39	0.7302504816955684	0.833729216152019	0.7817371937639198	0.8931297709923665
14	39	0.7041420118343196	0.8184019370460048	0.7544642857142857	0.8941798941798942
8	39	0.6749049429657795	0.7956989247311828	0.7270742358078602	0.8786279683377308
15	39	0.6423076923076924	0.7780429594272077	0.6585858585858586	0.9504373177842566
8	40	0.6749049429657795	0.7956989247311828	0.7270742358078602	0.8786279683377308
5	40	0.735812133072407	0.8421052631578947	0.7422680412371134	0.972972972972973
4	40	0.672514619883041	0.7925925925925926	0.6844349680170576	0.9413489736070382
14	40	0.7041420118343196	0.8184019370460048	0.7544642857142857	0.8941798941798942
2	40	0.6666666666666666	0.7950920245398773	0.702819956616052	0.9152542372881356
14	41	0.7041420118343196	0.8184019370460048	0.7544642857142857	0.8941798941798942
6	41	0.6537678207739308	0.7858942065491183	0.7027027027027027	0.8914285714285715
5	41	0.735812133072407	0.8421052631578947	0.7422680412371134	0.972972972972973
12	41	0.654368932038835	0.7797029702970297	0.6818181818181818	0.9104046242774566
10	41	0.6660617059891107	0.7923250564334086	0.7134146341463414	0.8908629441624365
14	42	0.7041420118343196	0.8184019370460048	0.7544642857142857	0.8941798941798942
12	42	0.654368932038835	0.7797029702970297	0.6818181818181818	0.9104046242774566
5	42	0.735812133072407	0.8421052631578947	0.7422680412371134	0.972972972972973
4	42	0.672514619883041	0.7925925925925926	0.6844349680170576	0.9413489736070382
7	42	0.7302504816955684	0.833729216152019	0.7817371937639198	0.8931297709923665
15	43	0.6423076923076924	0.7780429594272077	0.6585858585858586	0.9504373177842566
4	43	0.672514619883041	0.7925925925925926	0.6844349680170576	0.9413489736070382
2	43	0.6666666666666666	0.7950920245398773	0.702819956616052	0.9152542372881356
5	43	0.735812133072407	0.8421052631578947	0.7422680412371134	0.972972972972973
13	43	0.7437858508604207	0.8504464285714286	0.7888198757763976	0.9225181598062954
3	44	0.7065420560747664	0.8249721293199554	0.7184466019417476	0.9685863874345549
6	44	0.6537678207739308	0.7858942065491183	0.7027027027027027	0.8914285714285715
1	44	0.9330628803245437	0.9584905660377359	0.9361179361179361	0.9819587628865979
5	44	0.735812133072407	0.8421052631578947	0.7422680412371134	0.972972972972973
4	44	0.672514619883041	0.7925925925925926	0.6844349680170576	0.9413489736070382
15	45	0.6461538461538462	0.7799043062200957	0.6612576064908722	0.9504373177842566
3	45	0.708411214953271	0.8262806236080178	0.7189922480620154	0.9712041884816754
8	45	0.6863117870722434	0.8042704626334519	0.7306034482758621	0.8944591029023746
6	45	0.6537678207739308	0.7858942065491183	0.7027027027027027	0.8914285714285715
1	45	0.9330628803245437	0.9584905660377359	0.9361179361179361	0.9819587628865979
9	46	0.6717267552182163	0.7938021454112039	0.6923076923076923	0.9301675977653632
10	46	0.6969147005444646	0.8117249154453213	0.7302231237322515	0.9137055837563451
2	46	0.6826347305389222	0.8034610630407911	0.7142857142857143	0.9180790960451978
4	46	0.6920077972709552	0.8034825870646766	0.6976241900647948	0.9472140762463344
7	46	0.74373795761079	0.8422301304863582	0.7888888888888889	0.9033078880407125
11	47	0.7715930902111324	0.86368843069874	0.7953586497890295	0.9448621553884712
4	47	0.6920077972709552	0.8034825870646766	0.6976241900647948	0.9472140762463344
14	47	0.7554240631163708	0.8520286396181385	0.7760869565217391	0.9444444444444444
13	47	0.7705544933078394	0.8660714285714286	0.8033126293995859	0.9394673123486683
5	47	0.7553816046966731	0.8541423570595099	0.7515400410677618	0.9891891891891892
14	48	0.7554240631163708	0.8520286396181385	0.7760869565217391	0.9444444444444444
8	48	0.7072243346007605	0.8188235294117647	0.7388535031847133	0.9182058047493403
15	48	0.6557692307692308	0.7861409796893668	0.6659919028340081	0.9591836734693877
12	48	0.6718446601941748	0.7895392278953923	0.6936542669584245	0.9161849710982659
5	48	0.7553816046966731	0.8541423570595099	0.7515400410677618	0.9891891891891892
10	49	0.6969147005444646	0.8117249154453213	0.7302231237322515	0.9137055837563451
1	49	0.9350912778904665	0.9596977329974811	0.9384236453201971	0.9819587628865979
3	49	0.719626168224299	0.8322147651006712	0.7265625	0.9738219895287958
13	49	0.7705544933078394	0.8660714285714286	0.8033126293995859	0.9394673123486683
5	49	0.7553816046966731	0.8541423570595099	0.7515400410677618	0.9891891891891892
10	50	0.7005444646098004	0.8139797068771139	0.7322515212981744	0.916243654822335
12	50	0.6932038834951456	0.8020050125313283	0.7079646017699115	0.9248554913294798
6	50	0.7006109979633401	0.8155583437892095	0.727069351230425	0.9285714285714286
7	50	0.7533718689788054	0.847255369928401	0.797752808988764	0.9033078880407125
15	50	0.6538461538461539	0.7841726618705036	0.6659877800407332	0.9533527696793003
11	51	0.7715930902111324	0.8630609896432682	0.7978723404255319	0.9398496240601504
7	51	0.7533718689788054	0.847255369928401	0.797752808988764	0.9033078880407125
10	51	0.7005444646098004	0.8139797068771139	0.7322515212981744	0.916243654822335
3	51	0.7364485981308411	0.8413948256467941	0.73767258382643	0.9790575916230366
8	51	0.7110266159695817	0.8199052132701422	0.7440860215053764	0.9129287598944591
8	52	0.7110266159695817	0.8199052132701422	0.7440860215053764	0.9129287598944591
6	52	0.7006109979633401	0.8155583437892095	0.727069351230425	0.9285714285714286
5	52	0.7632093933463796	0.8588098016336057	0.75564681724846	0.9945945945945946
2	52	0.6946107784431138	0.8099378881987578	0.7228381374722838	0.9209039548022598
13	52	0.7782026768642447	0.8699551569506726	0.8100208768267223	0.9394673123486683
13	53	0.7782026768642447	0.8699551569506726	0.8100208768267223	0.9394673123486683
1	53	0.9452332657200812	0.9659520807061791	0.945679012345679	0.9871134020618557
5	53	0.7632093933463796	0.8588098016336057	0.75564681724846	0.9945945945945946
9	53	0.6793168880455408	0.7976047904191617	0.6981132075471698	0.9301675977653632
4	53	0.7037037037037037	0.81	0.7058823529411765	0.9501466275659824
13	54	0.739961759082218	0.8436781609195402	0.8030634573304157	0.8886198547215496
4	54	0.672514619883041	0.7889447236180904	0.6901098901098901	0.9208211143695014
8	54	0.688212927756654	0.8019323671497585	0.7394209354120267	0.8759894459102903
14	54	0.7258382642998028	0.8298653610771114	0.7722095671981777	0.8968253968253969
2	54	0.6786427145708582	0.7969735182849937	0.7198177676537585	0.8926553672316384
4	55	0.672514619883041	0.7889447236180904	0.6901098901098901	0.9208211143695014
3	55	0.7345794392523365	0.8397291196388262	0.7380952380952381	0.9738219895287958
9	55	0.6641366223908919	0.7849331713244229	0.6946236559139785	0.9022346368715084
10	55	0.6787658802177858	0.8	0.7209775967413442	0.8984771573604061
12	55	0.6776699029126214	0.7935323383084577	0.6965065502183406	0.9219653179190751
15	56	0.6384615384615384	0.7707317073170732	0.6624737945492662	0.9212827988338192
9	56	0.6641366223908919	0.7849331713244229	0.6946236559139785	0.9022346368715084
7	56	0.7398843930635838	0.8371531966224367	0.7958715596330275	0.8829516539440203
13	56	0.739961759082218	0.8436781609195402	0.8030634573304157	0.8886198547215496
6	56	0.6883910386965377	0.807061790668348	0.7223476297968398	0.9142857142857143
14	57	0.7258382642998028	0.8298653610771114	0.7722095671981777	0.8968253968253969
11	57	0.7504798464491362	0.8502304147465438	0.7867803837953091	0.924812030075188
3	57	0.7345794392523365	0.8397291196388262	0.7380952380952381	0.9738219895287958
7	57	0.7398843930635838	0.8371531966224367	0.7958715596330275	0.8829516539440203
13	57	0.739961759082218	0.8436781609195402	0.8030634573304157	0.8886198547215496
8	58	0.688212927756654	0.8019323671497585	0.7394209354120267	0.8759894459102903
2	58	0.6786427145708582	0.7969735182849937	0.7198177676537585	0.8926553672316384
3	58	0.7345794392523365	0.8397291196388262	0.7380952380952381	0.9738219895287958
11	58	0.7504798464491362	0.8502304147465438	0.7867803837953091	0.924812030075188
14	58	0.7258382642998028	0.8298653610771114	0.7722095671981777	0.8968253968253969
5	59	0.7514677103718199	0.8507638072855465	0.7525987525987526	0.9783783783783784
4	59	0.672514619883041	0.7889447236180904	0.6901098901098901	0.9208211143695014
15	59	0.6384615384615384	0.7707317073170732	0.6624737945492662	0.9212827988338192
11	59	0.7504798464491362	0.8502304147465438	0.7867803837953091	0.924812030075188
2	59	0.6786427145708582	0.7969735182849937	0.7198177676537585	0.8926553672316384
7	60	0.7398843930635838	0.8371531966224367	0.7958715596330275	0.8829516539440203
9	60	0.6641366223908919	0.7849331713244229	0.6946236559139785	0.9022346368715084
15	60	0.6384615384615384	0.7707317073170732	0.6624737945492662	0.9212827988338192
4	60	0.672514619883041	0.7889447236180904	0.6901098901098901	0.9208211143695014
3	60	0.7345794392523365	0.8397291196388262	0.7380952380952381	0.9738219895287958
5	61	0.7514677103718199	0.8507638072855465	0.7525987525987526	0.9783783783783784
13	61	0.739961759082218	0.8436781609195402	0.8030634573304157	0.8886198547215496
15	61	0.6384615384615384	0.7707317073170732	0.6624737945492662	0.9212827988338192
11	61	0.7504798464491362	0.8502304147465438	0.7867803837953091	0.924812030075188
8	61	0.688212927756654	0.8019323671497585	0.7394209354120267	0.8759894459102903
4	62	0.672514619883041	0.7889447236180904	0.6901098901098901	0.9208211143695014
8	62	0.688212927756654	0.8019323671497585	0.7394209354120267	0.8759894459102903
14	62	0.7258382642998028	0.8298653610771114	0.7722095671981777	0.8968253968253969
5	62	0.7514677103718199	0.8507638072855465	0.7525987525987526	0.9783783783783784
7	62	0.7398843930635838	0.8371531966224367	0.7958715596330275	0.8829516539440203
15	63	0.6384615384615384	0.7707317073170732	0.6624737945492662	0.9212827988338192
12	63	0.6776699029126214	0.7935323383084577	0.6965065502183406	0.9219653179190751
8	63	0.688212927756654	0.8019323671497585	0.7394209354120267	0.8759894459102903
5	63	0.7514677103718199	0.8507638072855465	0.7525987525987526	0.9783783783783784
10	63	0.6787658802177858	0.8	0.7209775967413442	0.8984771573604061
10	64	0.6787658802177858	0.8	0.7209775967413442	0.8984771573604061
13	64	0.739961759082218	0.8436781609195402	0.8030634573304157	0.8886198547215496
6	64	0.6883910386965377	0.807061790668348	0.7223476297968398	0.9142857142857143
8	64	0.688212927756654	0.8019323671497585	0.7394209354120267	0.8759894459102903
1	64	0.9350912778904665	0.9593908629441624	0.945	0.9742268041237113
2	65	0.6347305389221557	0.7626459143968871	0.7050359712230215	0.8305084745762712
13	65	0.6615678776290631	0.7864897466827503	0.7836538461538461	0.7893462469733656
12	65	0.6563106796116505	0.7790262172284644	0.6857142857142857	0.9017341040462428
5	65	0.6966731898238747	0.8125755743651754	0.7352297592997812	0.9081081081081082
6	65	0.615071283095723	0.7509881422924901	0.6968215158924206	0.8142857142857143
6	66	0.615071283095723	0.7509881422924901	0.6968215158924206	0.8142857142857143
12	66	0.6563106796116505	0.7790262172284644	0.6857142857142857	0.9017341040462428
11	66	0.7159309021113244	0.8271028037383178	0.774617067833698	0.8872180451127819
14	66	0.6627218934911243	0.7832699619771863	0.7518248175182481	0.8174603174603174
5	66	0.6966731898238747	0.8125755743651754	0.7352297592997812	0.9081081081081082
11	67	0.7159309021113244	0.8271028037383178	0.774617067833698	0.8872180451127819
5	67	0.6966731898238747	0.8125755743651754	0.7352297592997812	0.9081081081081082
12	67	0.6563106796116505	0.7790262172284644	0.6857142857142857	0.9017341040462428
7	67	0.6936416184971098	0.8034610630407911	0.78125	0.8269720101781171
15	67	0.6173076923076923	0.754017305315204	0.6545064377682404	0.8892128279883382
12	68	0.6563106796116505	0.7790262172284644	0.6857142857142857	0.9017341040462428
7	68	0.6936416184971098	0.8034610630407911	0.78125	0.8269720101781171
3	68	0.6841121495327103	0.8032596041909197	0.7232704402515723	0.9031413612565445
14	68	0.6627218934911243	0.7832699619771863	0.7518248175182481	0.8174603174603174
10	68	0.6460980036297641	0.7761194029850746	0.7085953878406709	0.8578680203045685
7	69	0.6936416184971098	0.8034610630407911	0.78125	0.8269720101781171
1	69	0.9350912778904665	0.9593908629441624	0.945	0.9742268041237113
6	69	0.615071283095723	0.7509881422924901	0.6968215158924206	0.8142857142857143
11	69	0.7159309021113244	0.8271028037383178	0.774617067833698	0.8872180451127819
9	69	0.6299810246679317	0.7601476014760148	0.6791208791208792	0.8631284916201117
14	70	0.6627218934911243	0.7832699619771863	0.7518248175182481	0.8174603174603174
10	70	0.6460980036297641	0.7761194029850746	0.7085953878406709	0.8578680203045685
4	70	0.6393762183235867	0.7637292464878672	0.6764705882352942	0.8768328445747801
9	70	0.6299810246679317	0.7601476014760148	0.6791208791208792	0.8631284916201117
13	70	0.6615678776290631	0.7864897466827503	0.7836538461538461	0.7893462469733656
3	71	0.6841121495327103	0.8032596041909197	0.7232704402515723	0.9031413612565445
4	71	0.6393762183235867	0.7637292464878672	0.6764705882352942	0.8768328445747801
1	71	0.9350912778904665	0.9593908629441624	0.945	0.9742268041237113
10	71	0.6460980036297641	0.7761194029850746	0.7085953878406709	0.8578680203045685
6	71	0.615071283095723	0.7509881422924901	0.6968215158924206	0.8142857142857143
4	72	0.6393762183235867	0.7637292464878672	0.6764705882352942	0.8768328445747801
9	72	0.6299810246679317	0.7601476014760148	0.6791208791208792	0.8631284916201117
1	72	0.9350912778904665	0.9593908629441624	0.945	0.9742268041237113
11	72	0.7159309021113244	0.8271028037383178	0.774617067833698	0.8872180451127819
10	72	0.6460980036297641	0.7761194029850746	0.7085953878406709	0.8578680203045685
2	73	0.6407185628742516	0.7674418604651163	0.7071428571428572	0.8389830508474576
3	73	0.6990654205607477	0.8143021914648212	0.7278350515463917	0.9240837696335078
6	73	0.6272912423625254	0.7607843137254902	0.7012048192771084	0.8314285714285714
10	73	0.6551724137931034	0.7821100917431193	0.7133891213389121	0.8654822335025381
15	73	0.6192307692307693	0.754950495049505	0.6559139784946236	0.8892128279883382
14	74	0.6686390532544378	0.7878787878787878	0.7536231884057971	0.8253968253968254
2	74	0.6407185628742516	0.7674418604651163	0.7071428571428572	0.8389830508474576
13	74	0.6692160611854685	0.7923169267707083	0.7857142857142857	0.7990314769975787
12	74	0.6640776699029126	0.7850931677018633	0.6884531590413944	0.9132947976878613
11	74	0.7236084452975048	0.8325581395348837	0.7765726681127982	0.8972431077694235
5	75	0.700587084148728	0.8154402895054282	0.7363834422657952	0.9135135135135135
14	75	0.6686390532544378	0.7878787878787878	0.7536231884057971	0.8253968253968254
11	75	0.7236084452975048	0.8325581395348837	0.7765726681127982	0.8972431077694235
6	75	0.6272912423625254	0.7607843137254902	0.7012048192771084	0.8314285714285714
7	75	0.7109826589595376	0.8166259168704156	0.7858823529411765	0.8498727735368957
2	76	0.6407185628742516	0.7674418604651163	0.7071428571428572	0.8389830508474576
15	76	0.6192307692307693	0.754950495049505	0.6559139784946236	0.8892128279883382
6	76	0.6272912423625254	0.7607843137254902	0.7012048192771084	0.8314285714285714
11	76	0.7236084452975048	0.8325581395348837	0.7765726681127982	0.8972431077694235
7	76	0.7109826589595376	0.8166259168704156	0.7858823529411765	0.8498727735368957
13	77	0.6692160611854685	0.7923169267707083	0.7857142857142857	0.7990314769975787
6	77	0.6272912423625254	0.7607843137254902	0.7012048192771084	0.8314285714285714
2	77	0.6407185628742516	0.7674418604651163	0.7071428571428572	0.8389830508474576
9	77	0.6337760910815939	0.7631901840490798	0.6805251641137856	0.8687150837988827
14	77	0.6686390532544378	0.7878787878787878	0.7536231884057971	0.8253968253968254
3	78	0.6990654205607477	0.8143021914648212	0.7278350515463917	0.9240837696335078
14	78	0.6686390532544378	0.7878787878787878	0.7536231884057971	0.8253968253968254
6	78	0.6272912423625254	0.7607843137254902	0.7012048192771084	0.8314285714285714
1	78	0.9350912778904665	0.9593908629441624	0.945	0.9742268041237113
15	78	0.6192307692307693	0.754950495049505	0.6559139784946236	0.8892128279883382
5	79	0.7377690802348337	0.8400954653937948	0.7521367521367521	0.9513513513513514
15	79	0.6461538461538462	0.7728395061728395	0.6702355460385439	0.9125364431486881
3	79	0.7214953271028037	0.8304891922639362	0.7344064386317908	0.9554973821989529
13	79	0.7208413001912046	0.8294392523364486	0.801354401805869	0.8595641646489104
6	79	0.6883910386965377	0.8055908513341804	0.7254004576659039	0.9057142857142857
10	80	0.6787658802177858	0.7972508591065293	0.7265135699373695	0.883248730964467
8	80	0.688212927756654	0.7985257985257985	0.7471264367816092	0.8575197889182058
7	80	0.7572254335260116	0.8470873786407767	0.8097447795823666	0.8880407124681934
5	80	0.7377690802348337	0.8400954653937948	0.7521367521367521	0.9513513513513514
4	80	0.6900584795321637	0.7979669631512071	0.7040358744394619	0.9208211143695014
4	81	0.6900584795321637	0.7979669631512071	0.7040358744394619	0.9208211143695014
5	81	0.7377690802348337	0.8400954653937948	0.7521367521367521	0.9513513513513514
3	81	0.7214953271028037	0.8304891922639362	0.7344064386317908	0.9554973821989529
14	81	0.7061143984220908	0.815365551425031	0.7668997668997669	0.8703703703703703
1	81	0.9350912778904665	0.9593908629441624	0.945	0.9742268041237113
15	82	0.6653846153846154	0.7862407862407862	0.6794055201698513	0.9329446064139941
1	82	0.9452332657200812	0.965865992414665	0.9478908188585607	0.9845360824742269
12	82	0.7126213592233009	0.8136020151133502	0.7209821428571429	0.9335260115606936
14	82	0.7416173570019724	0.8376703841387856	0.7878787878787878	0.8941798941798942
7	82	0.7803468208092486	0.8619854721549637	0.8221709006928406	0.905852417302799
14	83	0.7435897435897436	0.8391089108910891	0.7883720930232558	0.8968253968253969
2	83	0.716566866267465	0.8229426433915212	0.7366071428571429	0.9322033898305084
7	83	0.7822736030828517	0.863030303030303	0.8240740740740741	0.905852417302799
6	83	0.7169042769857433	0.8211068211068211	0.747072599531616	0.9114285714285715
12	83	0.7165048543689321	0.8151898734177215	0.7252252252252253	0.930635838150289
12	84	0.7165048543689321	0.8151898734177215	0.7252252252252253	0.930635838150289
2	84	0.716566866267465	0.8229426433915212	0.7366071428571429	0.9322033898305084
9	84	0.713472485768501	0.8178528347406514	0.7197452229299363	0.946927374301676
15	84	0.6730769230769231	0.7911547911547911	0.6836518046709129	0.9387755102040817
11	84	0.781190019193858	0.8677494199535963	0.8077753779697624	0.9373433583959899
3	85	0.7476635514018691	0.8439306358381503	0.7556935817805382	0.9554973821989529
13	85	0.7973231357552581	0.8778801843317973	0.8373626373626374	0.9225181598062954
11	85	0.781190019193858	0.8677494199535963	0.8077753779697624	0.9373433583959899
12	85	0.7165048543689321	0.8151898734177215	0.7252252252252253	0.930635838150289
8	85	0.7376425855513308	0.8312958435207825	0.7744874715261959	0.8970976253298153
1	86	0.9411764705882353	0.9633375474083439	0.9454094292803971	0.9819587628865979
9	86	0.713472485768501	0.8178528347406514	0.7197452229299363	0.946927374301676
10	86	0.7259528130671506	0.8246225319396051	0.7601713062098501	0.9010152284263959
6	86	0.7169042769857433	0.8211068211068211	0.747072599531616	0.9114285714285715
2	86	0.716566866267465	0.8229426433915212	0.7366071428571429	0.9322033898305084
10	87	0.7168784029038112	0.8181818181818182	0.7564655172413793	0.8908629441624365
11	87	0.7792706333973128	0.8667439165701043	0.8060344827586207	0.9373433583959899
15	87	0.6538461538461539	0.7772277227722773	0.6752688172043011	0.9154518950437318
4	87	0.7485380116959064	0.833117723156533	0.7453703703703703	0.9442815249266863
13	87	0.7858508604206501	0.8700696055684455	0.8351893095768375	0.9079903147699758
3	88	0.7383177570093458	0.8387096774193549	0.7489711934156379	0.9528795811518325
14	88	0.7317554240631163	0.83	0.7867298578199052	0.8783068783068783
8	88	0.7357414448669202	0.8302808302808303	0.7727272727272727	0.8970976253298153
10	88	0.7168784029038112	0.8181818181818182	0.7564655172413793	0.8908629441624365
9	88	0.6944971537001897	0.8053204353083434	0.7100213219616205	0.9301675977653632
6	89	0.7128309572301426	0.8185328185328186	0.7447306791569087	0.9085714285714286
2	89	0.7025948103792415	0.8135168961201502	0.7303370786516854	0.9180790960451978
3	89	0.7383177570093458	0.8387096774193549	0.7489711934156379	0.9528795811518325
10	89	0.7168784029038112	0.8181818181818182	0.7564655172413793	0.8908629441624365
11	89	0.7792706333973128	0.8667439165701043	0.8060344827586207	0.9373433583959899
1	90	0.9411764705882353	0.9633375474083439	0.9454094292803971	0.9819587628865979
5	90	0.7573385518590998	0.8509615384615384	0.7662337662337663	0.9567567567567568
6	90	0.7128309572301426	0.8185328185328186	0.7447306791569087	0.9085714285714286
14	90	0.7317554240631163	0.83	0.7867298578199052	0.8783068783068783
9	90	0.6944971537001897	0.8053204353083434	0.7100213219616205	0.9301675977653632
13	91	0.7265774378585086	0.8311688311688312	0.8110599078341014	0.8523002421307506
12	91	0.6640776699029126	0.784019975031211	0.6901098901098901	0.9075144508670521
7	91	0.74373795761079	0.8376068376068376	0.8051643192488263	0.8727735368956743
3	91	0.7252336448598131	0.8312284730195177	0.7402862985685071	0.9476439790575916
10	91	0.6606170598911071	0.778698224852071	0.729490022172949	0.8350253807106599
4	92	0.6861598440545809	0.7900912646675359	0.7112676056338029	0.8885630498533724
9	92	0.6641366223908919	0.7854545454545454	0.6937901498929336	0.9050279329608939
5	92	0.7181996086105675	0.8260869565217391	0.7467248908296943	0.9243243243243243
8	92	0.6673003802281369	0.7831474597273854	0.7383177570093458	0.8337730870712401
15	92	0.6365384615384615	0.7657992565055762	0.665948275862069	0.9008746355685131
11	93	0.7408829174664108	0.8417350527549824	0.7907488986784141	0.899749373433584
8	93	0.6673003802281369	0.7831474597273854	0.7383177570093458	0.8337730870712401
14	93	0.6883629191321499	0.7989821882951654	0.7696078431372549	0.8306878306878307
5	93	0.7181996086105675	0.8260869565217391	0.7467248908296943	0.9243243243243243
1	93	0.9290060851926978	0.9557522123893806	0.9379652605459057	0.9742268041237113
6	94	0.6313645621181263	0.760898282694848	0.7076167076167076	0.8228571428571428
4	94	0.6198830409356725	0.7389558232931727	0.6798029556650246	0.8093841642228738
2	94	0.6586826347305389	0.7827191867852605	0.7113163972286374	0.8700564971751412
8	94	0.6064638783269962	0.734955185659411	0.7139303482587065	0.7572559366754618
1	94	0.9290060851926978	0.9557522123893806	0.9379652605459057	0.9742268041237113
15	95	0.6096153846153847	0.7465667915106118	0.6528384279475983	0.8717201166180758
5	95	0.6712328767123288	0.7925925925925926	0.7295454545454545	0.8675675675675676
8	95	0.6064638783269962	0.734955185659411	0.7139303482587065	0.7572559366754618
1	95	0.9290060851926978	0.9557522123893806	0.9379652605459057	0.9742268041237113
3	95	0.685981308411215	0.8023529411764706	0.7286324786324786	0.8926701570680629
7	96	0.7071290944123314	0.8132678132678133	0.7862232779097387	0.8422391857506362
4	96	0.6198830409356725	0.7389558232931727	0.6798029556650246	0.8093841642228738
2	96	0.6586826347305389	0.7827191867852605	0.7113163972286374	0.8700564971751412
5	96	0.6712328767123288	0.7925925925925926	0.7295454545454545	0.8675675675675676
1	96	0.9290060851926978	0.9557522123893806	0.9379652605459057	0.9742268041237113
6	97	0.6313645621181263	0.760898282694848	0.7076167076167076	0.8228571428571428
7	97	0.7071290944123314	0.8132678132678133	0.7862232779097387	0.8422391857506362
1	97	0.9290060851926978	0.9557522123893806	0.9379652605459057	0.9742268041237113
4	97	0.6198830409356725	0.7389558232931727	0.6798029556650246	0.8093841642228738
10	97	0.5952813067150635	0.728380024360536	0.7002341920374707	0.7588832487309645
5	98	0.6712328767123288	0.7925925925925926	0.7295454545454545	0.8675675675675676
6	98	0.6313645621181263	0.760898282694848	0.7076167076167076	0.8228571428571428
1	98	0.9290060851926978	0.9557522123893806	0.9379652605459057	0.9742268041237113
7	98	0.7071290944123314	0.8132678132678133	0.7862232779097387	0.8422391857506362
11	98	0.6928982725527831	0.8072289156626506	0.777262180974478	0.8395989974937343
12	99	0.6310679611650486	0.7613065326633166	0.6733333333333333	0.8757225433526011
3	99	0.685981308411215	0.8023529411764706	0.7286324786324786	0.8926701570680629
11	99	0.6928982725527831	0.8072289156626506	0.777262180974478	0.8395989974937343
15	99	0.6096153846153847	0.7465667915106118	0.6528384279475983	0.8717201166180758
8	99	0.6064638783269962	0.734955185659411	0.7139303482587065	0.7572559366754618
5	100	0.6712328767123288	0.7925925925925926	0.7295454545454545	0.8675675675675676
13	100	0.6749521988527725	0.7931873479318735	0.7970660146699267	0.7893462469733656
4	100	0.6198830409356725	0.7389558232931727	0.6798029556650246	0.8093841642228738
11	100	0.6928982725527831	0.8072289156626506	0.777262180974478	0.8395989974937343
1	100	0.9290060851926978	0.9557522123893806	0.9379652605459057	0.9742268041237113
6	101	0.6313645621181263	0.760898282694848	0.7076167076167076	0.8228571428571428
3	101	0.685981308411215	0.8023529411764706	0.7286324786324786	0.8926701570680629
13	101	0.6749521988527725	0.7931873479318735	0.7970660146699267	0.7893462469733656
12	101	0.6310679611650486	0.7613065326633166	0.6733333333333333	0.8757225433526011
8	101	0.6064638783269962	0.734955185659411	0.7139303482587065	0.7572559366754618
13	102	0.6749521988527725	0.7931873479318735	0.7970660146699267	0.7893462469733656
5	102	0.6712328767123288	0.7925925925925926	0.7295454545454545	0.8675675675675676
8	102	0.6064638783269962	0.734955185659411	0.7139303482587065	0.7572559366754618
11	102	0.6928982725527831	0.8072289156626506	0.777262180974478	0.8395989974937343
6	102	0.6313645621181263	0.760898282694848	0.7076167076167076	0.8228571428571428
15	103	0.6096153846153847	0.7465667915106118	0.6528384279475983	0.8717201166180758
7	103	0.7071290944123314	0.8132678132678133	0.7862232779097387	0.8422391857506362
6	103	0.6313645621181263	0.760898282694848	0.7076167076167076	0.8228571428571428
9	103	0.6413662239089184	0.7680981595092025	0.6849015317286652	0.8743016759776536
11	103	0.6928982725527831	0.8072289156626506	0.777262180974478	0.8395989974937343
8	104	0.6064638783269962	0.734955185659411	0.7139303482587065	0.7572559366754618
3	104	0.685981308411215	0.8023529411764706	0.7286324786324786	0.8926701570680629
10	104	0.5952813067150635	0.728380024360536	0.7002341920374707	0.7588832487309645
11	104	0.6928982725527831	0.8072289156626506	0.777262180974478	0.8395989974937343
6	104	0.6313645621181263	0.760898282694848	0.7076167076167076	0.8228571428571428
8	105	0.6064638783269962	0.734955185659411	0.7139303482587065	0.7572559366754618
14	105	0.5976331360946746	0.7243243243243244	0.7403314917127072	0.708994708994709
9	105	0.6413662239089184	0.7680981595092025	0.6849015317286652	0.8743016759776536
7	105	0.7071290944123314	0.8132678132678133	0.7862232779097387	0.8422391857506362
2	105	0.6586826347305389	0.7827191867852605	0.7113163972286374	0.8700564971751412
14	106	0.5976331360946746	0.7243243243243244	0.7403314917127072	0.708994708994709
13	106	0.6749521988527725	0.7931873479318735	0.7970660146699267	0.7893462469733656
6	106	0.6313645621181263	0.760898282694848	0.7076167076167076	0.8228571428571428
2	106	0.6586826347305389	0.7827191867852605	0.7113163972286374	0.8700564971751412
11	106	0.6928982725527831	0.8072289156626506	0.777262180974478	0.8395989974937343
8	107	0.6064638783269962	0.734955185659411	0.7139303482587065	0.7572559366754618
4	107	0.6198830409356725	0.7389558232931727	0.6798029556650246	0.8093841642228738
3	107	0.685981308411215	0.8023529411764706	0.7286324786324786	0.8926701570680629
15	107	0.6096153846153847	0.7465667915106118	0.6528384279475983	0.8717201166180758
13	107	0.6749521988527725	0.7931873479318735	0.7970660146699267	0.7893462469733656
13	108	0.6749521988527725	0.7931873479318735	0.7970660146699267	0.7893462469733656
3	108	0.685981308411215	0.8023529411764706	0.7286324786324786	0.8926701570680629
7	108	0.7071290944123314	0.8132678132678133	0.7862232779097387	0.8422391857506362
10	108	0.5952813067150635	0.728380024360536	0.7002341920374707	0.7588832487309645
2	108	0.6586826347305389	0.7827191867852605	0.7113163972286374	0.8700564971751412
9	109	0.6413662239089184	0.7680981595092025	0.6849015317286652	0.8743016759776536
5	109	0.6712328767123288	0.7925925925925926	0.7295454545454545	0.8675675675675676
14	109	0.5976331360946746	0.7243243243243244	0.7403314917127072	0.708994708994709
2	109	0.6586826347305389	0.7827191867852605	0.7113163972286374	0.8700564971751412
3	109	0.685981308411215	0.8023529411764706	0.7286324786324786	0.8926701570680629
9	110	0.6413662239089184	0.7680981595092025	0.6849015317286652	0.8743016759776536
11	110	0.6928982725527831	0.8072289156626506	0.777262180974478	0.8395989974937343
2	110	0.6586826347305389	0.7827191867852605	0.7113163972286374	0.8700564971751412
5	110	0.6712328767123288	0.7925925925925926	0.7295454545454545	0.8675675675675676
10	110	0.5952813067150635	0.728380024360536	0.7002341920374707	0.7588832487309645
13	111	0.6749521988527725	0.7931873479318735	0.7970660146699267	0.7893462469733656
10	111	0.5952813067150635	0.728380024360536	0.7002341920374707	0.7588832487309645
11	111	0.6928982725527831	0.8072289156626506	0.777262180974478	0.8395989974937343
7	111	0.7071290944123314	0.8132678132678133	0.7862232779097387	0.8422391857506362
4	111	0.6198830409356725	0.7389558232931727	0.6798029556650246	0.8093841642228738
14	112	0.5976331360946746	0.7243243243243244	0.7403314917127072	0.708994708994709
7	112	0.7071290944123314	0.8132678132678133	0.7862232779097387	0.8422391857506362
12	112	0.6310679611650486	0.7613065326633166	0.6733333333333333	0.8757225433526011
3	112	0.685981308411215	0.8023529411764706	0.7286324786324786	0.8926701570680629
8	112	0.6064638783269962	0.734955185659411	0.7139303482587065	0.7572559366754618
8	113	0.6064638783269962	0.734955185659411	0.7139303482587065	0.7572559366754618
2	113	0.6586826347305389	0.7827191867852605	0.7113163972286374	0.8700564971751412
5	113	0.6712328767123288	0.7925925925925926	0.7295454545454545	0.8675675675675676
4	113	0.6198830409356725	0.7389558232931727	0.6798029556650246	0.8093841642228738
3	113	0.685981308411215	0.8023529411764706	0.7286324786324786	0.8926701570680629
13	114	0.6749521988527725	0.7931873479318735	0.7970660146699267	0.7893462469733656
5	114	0.6712328767123288	0.7925925925925926	0.7295454545454545	0.8675675675675676
9	114	0.6413662239089184	0.7680981595092025	0.6849015317286652	0.8743016759776536
8	114	0.6064638783269962	0.734955185659411	0.7139303482587065	0.7572559366754618
14	114	0.5976331360946746	0.7243243243243244	0.7403314917127072	0.708994708994709
2	115	0.6586826347305389	0.7827191867852605	0.7113163972286374	0.8700564971751412
3	115	0.685981308411215	0.8023529411764706	0.7286324786324786	0.8926701570680629
9	115	0.6413662239089184	0.7680981595092025	0.6849015317286652	0.8743016759776536
1	115	0.9290060851926978	0.9557522123893806	0.9379652605459057	0.9742268041237113
7	115	0.7071290944123314	0.8132678132678133	0.7862232779097387	0.8422391857506362
5	116	0.6712328767123288	0.7925925925925926	0.7295454545454545	0.8675675675675676
8	116	0.6064638783269962	0.734955185659411	0.7139303482587065	0.7572559366754618
7	116	0.7071290944123314	0.8132678132678133	0.7862232779097387	0.8422391857506362
9	116	0.6413662239089184	0.7680981595092025	0.6849015317286652	0.8743016759776536
14	116	0.5976331360946746	0.7243243243243244	0.7403314917127072	0.708994708994709
13	117	0.6749521988527725	0.7931873479318735	0.7970660146699267	0.7893462469733656
3	117	0.685981308411215	0.8023529411764706	0.7286324786324786	0.8926701570680629
9	117	0.6413662239089184	0.7680981595092025	0.6849015317286652	0.8743016759776536
1	117	0.9290060851926978	0.9557522123893806	0.9379652605459057	0.9742268041237113
14	117	0.5976331360946746	0.7243243243243244	0.7403314917127072	0.708994708994709
9	118	0.6413662239089184	0.7680981595092025	0.6849015317286652	0.8743016759776536
8	118	0.6064638783269962	0.734955185659411	0.7139303482587065	0.7572559366754618
14	118	0.5976331360946746	0.7243243243243244	0.7403314917127072	0.708994708994709
13	118	0.6749521988527725	0.7931873479318735	0.7970660146699267	0.7893462469733656
15	118	0.6096153846153847	0.7465667915106118	0.6528384279475983	0.8717201166180758
11	119	0.6928982725527831	0.8072289156626506	0.777262180974478	0.8395989974937343
12	119	0.6310679611650486	0.7613065326633166	0.6733333333333333	0.8757225433526011
10	119	0.5952813067150635	0.728380024360536	0.7002341920374707	0.7588832487309645
13	119	0.6749521988527725	0.7931873479318735	0.7970660146699267	0.7893462469733656
14	119	0.5976331360946746	0.7243243243243244	0.7403314917127072	0.708994708994709
6	120	0.6313645621181263	0.760898282694848	0.7076167076167076	0.8228571428571428
3	120	0.685981308411215	0.8023529411764706	0.7286324786324786	0.8926701570680629
1	120	0.9290060851926978	0.9557522123893806	0.9379652605459057	0.9742268041237113
7	120	0.7071290944123314	0.8132678132678133	0.7862232779097387	0.8422391857506362
8	120	0.6064638783269962	0.734955185659411	0.7139303482587065	0.7572559366754618
8	121	0.6064638783269962	0.734955185659411	0.7139303482587065	0.7572559366754618
3	121	0.685981308411215	0.8023529411764706	0.7286324786324786	0.8926701570680629
9	121	0.6413662239089184	0.7680981595092025	0.6849015317286652	0.8743016759776536
7	121	0.7071290944123314	0.8132678132678133	0.7862232779097387	0.8422391857506362
6	121	0.6313645621181263	0.760898282694848	0.7076167076167076	0.8228571428571428
15	122	0.6096153846153847	0.7465667915106118	0.6528384279475983	0.8717201166180758
12	122	0.6310679611650486	0.7613065326633166	0.6733333333333333	0.8757225433526011
13	122	0.6749521988527725	0.7931873479318735	0.7970660146699267	0.7893462469733656
4	122	0.6198830409356725	0.7389558232931727	0.6798029556650246	0.8093841642228738
8	122	0.6064638783269962	0.734955185659411	0.7139303482587065	0.7572559366754618
8	123	0.6064638783269962	0.734955185659411	0.7139303482587065	0.7572559366754618
14	123	0.5976331360946746	0.7243243243243244	0.7403314917127072	0.708994708994709
5	123	0.6712328767123288	0.7925925925925926	0.7295454545454545	0.8675675675675676
6	123	0.6313645621181263	0.760898282694848	0.7076167076167076	0.8228571428571428
11	123	0.6928982725527831	0.8072289156626506	0.777262180974478	0.8395989974937343
1	124	0.9290060851926978	0.9557522123893806	0.9379652605459057	0.9742268041237113
11	124	0.6928982725527831	0.8072289156626506	0.777262180974478	0.8395989974937343
7	124	0.7071290944123314	0.8132678132678133	0.7862232779097387	0.8422391857506362
2	124	0.6586826347305389	0.7827191867852605	0.7113163972286374	0.8700564971751412
4	124	0.6198830409356725	0.7389558232931727	0.6798029556650246	0.8093841642228738
1	125	0.9290060851926978	0.9557522123893806	0.9379652605459057	0.9742268041237113
5	125	0.6712328767123288	0.7925925925925926	0.7295454545454545	0.8675675675675676
11	125	0.6928982725527831	0.8072289156626506	0.777262180974478	0.8395989974937343
6	125	0.6313645621181263	0.760898282694848	0.7076167076167076	0.8228571428571428
2	125	0.6586826347305389	0.7827191867852605	0.7113163972286374	0.8700564971751412
2	126	0.6586826347305389	0.7827191867852605	0.7113163972286374	0.8700564971751412
10	126	0.5952813067150635	0.728380024360536	0.7002341920374707	0.7588832487309645
13	126	0.6749521988527725	0.7931873479318735	0.7970660146699267	0.7893462469733656
1	126	0.9290060851926978	0.9557522123893806	0.9379652605459057	0.9742268041237113
5	126	0.6712328767123288	0.7925925925925926	0.7295454545454545	0.8675675675675676
3	127	0.685981308411215	0.8023529411764706	0.7286324786324786	0.8926701570680629
12	127	0.6310679611650486	0.7613065326633166	0.6733333333333333	0.8757225433526011
5	127	0.6712328767123288	0.7925925925925926	0.7295454545454545	0.8675675675675676
8	127	0.6064638783269962	0.734955185659411	0.7139303482587065	0.7572559366754618
11	127	0.6928982725527831	0.8072289156626506	0.777262180974478	0.8395989974937343
3	128	0.685981308411215	0.8023529411764706	0.7286324786324786	0.8926701570680629
12	128	0.6310679611650486	0.7613065326633166	0.6733333333333333	0.8757225433526011
7	128	0.7071290944123314	0.8132678132678133	0.7862232779097387	0.8422391857506362
2	128	0.6586826347305389	0.7827191867852605	0.7113163972286374	0.8700564971751412
11	128	0.6928982725527831	0.8072289156626506	0.777262180974478	0.8395989974937343
11	129	0.6928982725527831	0.8072289156626506	0.777262180974478	0.8395989974937343
6	129	0.6313645621181263	0.760898282694848	0.7076167076167076	0.8228571428571428
4	129	0.6198830409356725	0.7389558232931727	0.6798029556650246	0.8093841642228738
12	129	0.6310679611650486	0.7613065326633166	0.6733333333333333	0.8757225433526011
1	129	0.9290060851926978	0.9557522123893806	0.9379652605459057	0.9742268041237113
3	130	0.685981308411215	0.8023529411764706	0.7286324786324786	0.8926701570680629
10	130	0.5952813067150635	0.728380024360536	0.7002341920374707	0.7588832487309645
15	130	0.6096153846153847	0.7465667915106118	0.6528384279475983	0.8717201166180758
14	130	0.5976331360946746	0.7243243243243244	0.7403314917127072	0.708994708994709
8	130	0.6064638783269962	0.734955185659411	0.7139303482587065	0.7572559366754618
15	131	0.6096153846153847	0.7465667915106118	0.6528384279475983	0.8717201166180758
2	131	0.6586826347305389	0.7827191867852605	0.7113163972286374	0.8700564971751412
10	131	0.5952813067150635	0.728380024360536	0.7002341920374707	0.7588832487309645
1	131	0.9290060851926978	0.9557522123893806	0.9379652605459057	0.9742268041237113
9	131	0.6413662239089184	0.7680981595092025	0.6849015317286652	0.8743016759776536
9	132	0.6413662239089184	0.7680981595092025	0.6849015317286652	0.8743016759776536
2	132	0.6586826347305389	0.7827191867852605	0.7113163972286374	0.8700564971751412
1	132	0.9290060851926978	0.9557522123893806	0.9379652605459057	0.9742268041237113
8	132	0.6064638783269962	0.734955185659411	0.7139303482587065	0.7572559366754618
13	132	0.6749521988527725	0.7931873479318735	0.7970660146699267	0.7893462469733656
7	133	0.7071290944123314	0.8132678132678133	0.7862232779097387	0.8422391857506362
10	133	0.5952813067150635	0.728380024360536	0.7002341920374707	0.7588832487309645
2	133	0.6586826347305389	0.7827191867852605	0.7113163972286374	0.8700564971751412
6	133	0.6313645621181263	0.760898282694848	0.7076167076167076	0.8228571428571428
1	133	0.9290060851926978	0.9557522123893806	0.9379652605459057	0.9742268041237113
2	134	0.6586826347305389	0.7827191867852605	0.7113163972286374	0.8700564971751412
11	134	0.6928982725527831	0.8072289156626506	0.777262180974478	0.8395989974937343
15	134	0.6096153846153847	0.7465667915106118	0.6528384279475983	0.8717201166180758
7	134	0.7071290944123314	0.8132678132678133	0.7862232779097387	0.8422391857506362
14	134	0.5976331360946746	0.7243243243243244	0.7403314917127072	0.708994708994709
11	135	0.6928982725527831	0.8072289156626506	0.777262180974478	0.8395989974937343
1	135	0.9290060851926978	0.9557522123893806	0.9379652605459057	0.9742268041237113
8	135	0.6064638783269962	0.734955185659411	0.7139303482587065	0.7572559366754618
5	135	0.6712328767123288	0.7925925925925926	0.7295454545454545	0.8675675675675676
13	135	0.6749521988527725	0.7931873479318735	0.7970660146699267	0.7893462469733656
7	136	0.7148362235067437	0.817283950617284	0.7937649880095923	0.8422391857506362
13	136	0.6749521988527725	0.7931873479318735	0.7970660146699267	0.7893462469733656
1	136	0.9290060851926978	0.9557522123893806	0.9379652605459057	0.9742268041237113
10	136	0.5989110707803993	0.7301587301587301	0.7035294117647058	0.7588832487309645
11	136	0.6928982725527831	0.8072289156626506	0.777262180974478	0.8395989974937343
3	137	0.7140186915887851	0.8227114716106605	0.738045738045738	0.9293193717277487
15	137	0.6615384615384615	0.7755102040816326	0.6893424036281179	0.8862973760932945
1	137	0.9290060851926978	0.9557522123893806	0.9379652605459057	0.9742268041237113
14	137	0.6390532544378699	0.7530364372469636	0.768595041322314	0.7380952380952381
13	137	0.7055449330783938	0.8135593220338984	0.8135593220338984	0.8135593220338984
9	138	0.6907020872865275	0.7975155279503106	0.7181208053691275	0.8966480446927374
10	138	0.6969147005444646	0.7940813810110974	0.7721822541966427	0.817258883248731
1	138	0.9290060851926978	0.9557522123893806	0.9379652605459057	0.9742268041237113
3	138	0.7401869158878505	0.8389339513325609	0.7525987525987526	0.9476439790575916
12	138	0.7242718446601941	0.8170103092783505	0.7372093023255814	0.9161849710982659
7	139	0.8208092485549133	0.8861689106487148	0.8537735849056604	0.9211195928753181
3	139	0.7495327102803738	0.8449074074074074	0.7572614107883817	0.9554973821989529
13	139	0.7590822179732314	0.8478260869565217	0.8457831325301205	0.8498789346246973
9	139	0.7115749525616698	0.81	0.7330316742081447	0.9050279329608939
8	139	0.7604562737642585	0.8436724565756824	0.7962529274004684	0.8970976253298153
6	140	0.7209775967413442	0.8170894526034713	0.7669172932330827	0.8742857142857143
11	140	0.7946257197696737	0.8733727810650888	0.827354260089686	0.924812030075188
8	140	0.7604562737642585	0.8436724565756824	0.7962529274004684	0.8970976253298153
4	140	0.746588693957115	0.8247978436657682	0.7630922693266833	0.8973607038123167
2	140	0.7265469061876247	0.826362484157161	0.7494252873563219	0.9209039548022598
6	141	0.7209775967413442	0.8170894526034713	0.7669172932330827	0.8742857142857143
8	141	0.7604562737642585	0.8436724565756824	0.7962529274004684	0.8970976253298153
4	141	0.746588693957115	0.8247978436657682	0.7630922693266833	0.8973607038123167
5	141	0.786692759295499	0.8649318463444857	0.7986270022883295	0.9432432432432433
1	141	0.9391480730223124	0.9621212121212122	0.943069306930693	0.9819587628865979
5	142	0.7906066536203522	0.867080745341615	0.8022988505747126	0.9432432432432433
6	142	0.7311608961303462	0.8235294117647058	0.7738693467336684	0.88
8	142	0.7718631178707225	0.8503740648379052	0.806146572104019	0.899736147757256
9	142	0.7324478178368121	0.8217446270543616	0.7505773672055427	0.9078212290502793
15	142	0.7346153846153847	0.8203125	0.7411764705882353	0.9183673469387755
13	143	0.7743785850860421	0.8567961165048543	0.8588807785888077	0.8547215496368039
7	143	0.8285163776493256	0.8907975460122699	0.8601895734597157	0.9236641221374046
9	143	0.7324478178368121	0.8217446270543616	0.7505773672055427	0.9078212290502793
10	143	0.7313974591651543	0.8159203980099502	0.8	0.8324873096446701
5	143	0.7906066536203522	0.867080745341615	0.8022988505747126	0.9432432432432433
13	144	0.7743785850860421	0.8567961165048543	0.8588807785888077	0.8547215496368039
3	144	0.7551401869158878	0.8482039397450754	0.760914760914761	0.9581151832460733
15	144	0.7346153846153847	0.8203125	0.7411764705882353	0.9183673469387755
6	144	0.7311608961303462	0.8235294117647058	0.7738693467336684	0.88
12	144	0.7495145631067961	0.8318122555410691	0.7577197149643705	0.9219653179190751
12	145	0.7495145631067961	0.8318122555410691	0.7577197149643705	0.9219653179190751
1	145	0.9371196754563894	0.9609079445145019	0.9407407407407408	0.9819587628865979
4	145	0.7621832358674464	0.8360215053763441	0.771712158808933	0.9120234604105572
3	145	0.7551401869158878	0.8482039397450754	0.760914760914761	0.9581151832460733
2	145	0.7385229540918163	0.8343868520859671	0.7551487414187643	0.9322033898305084
5	146	0.7984344422700587	0.8714107365792759	0.8097447795823666	0.9432432432432433
15	146	0.7461538461538462	0.8267716535433071	0.7517899761336515	0.9183673469387755
9	146	0.7362428842504743	0.8242730720606827	0.7528868360277137	0.9106145251396648
11	146	0.8138195777351248	0.8838323353293414	0.8463302752293578	0.924812030075188
1	146	0.9391480730223124	0.9620253164556962	0.945273631840796	0.979381443298969
10	147	0.7313974591651543	0.8145363408521303	0.8044554455445545	0.8248730964467005
2	147	0.7425149700598802	0.8369152970922883	0.7574370709382151	0.9350282485875706
6	147	0.7291242362525459	0.822429906542056	0.7719298245614035	0.88
8	147	0.7775665399239544	0.8531994981179423	0.8133971291866029	0.8970976253298153
7	147	0.8246628131021194	0.8883435582822086	0.8578199052132701	0.9211195928753181
8	148	0.7775665399239544	0.8531994981179423	0.8133971291866029	0.8970976253298153
2	148	0.7425149700598802	0.8369152970922883	0.7574370709382151	0.9350282485875706
6	148	0.7291242362525459	0.822429906542056	0.7719298245614035	0.88
7	148	0.8246628131021194	0.8883435582822086	0.8578199052132701	0.9211195928753181
11	148	0.817658349328215	0.8867699642431466	0.8454545454545455	0.9323308270676691
6	149	0.7291242362525459	0.822429906542056	0.7719298245614035	0.88
4	149	0.7485380116959064	0.8254397834912043	0.7663316582914573	0.8944281524926686
15	149	0.7403846153846154	0.8221343873517787	0.75	0.9096209912536443
14	149	0.7238658777120316	0.8153034300791556	0.8131578947368421	0.8174603174603174
1	149	0.9391480730223124	0.9620253164556962	0.945273631840796	0.979381443298969
2	150	0.7285429141716567	0.8274111675126904	0.7511520737327189	0.9209039548022598
12	150	0.7320388349514563	0.8174603174603174	0.7536585365853659	0.8930635838150289
14	150	0.7100591715976331	0.8047808764940239	0.808	0.8015873015873016
3	150	0.7514018691588785	0.8451688009313155	0.7610062893081762	0.9502617801047121
13	150	0.7590822179732314	0.844059405940594	0.8632911392405064	0.8256658595641646
8	151	0.7623574144486692	0.8427672955974843	0.8052884615384616	0.8839050131926122
6	151	0.714867617107943	0.8123324396782842	0.7651515151515151	0.8657142857142858
13	151	0.7590822179732314	0.844059405940594	0.8632911392405064	0.8256658595641646
4	151	0.7290448343079922	0.8098495212038304	0.7589743589743589	0.8680351906158358
14	151	0.7100591715976331	0.8047808764940239	0.808	0.8015873015873016
12	152	0.7320388349514563	0.8174603174603174	0.7536585365853659	0.8930635838150289
5	152	0.7808219178082192	0.8603491271820449	0.7986111111111112	0.9324324324324325
3	152	0.7514018691588785	0.8451688009313155	0.7610062893081762	0.9502617801047121
11	152	0.8061420345489443	0.8796185935637664	0.8386363636363636	0.924812030075188
7	152	0.8169556840077071	0.8831488314883149	0.8547619047619047	0.9134860050890585
9	153	0.7077798861480076	0.8035714285714286	0.7394366197183099	0.8798882681564246
12	153	0.7320388349514563	0.8174603174603174	0.7536585365853659	0.8930635838150289
8	153	0.7623574144486692	0.8427672955974843	0.8052884615384616	0.8839050131926122
7	153	0.8169556840077071	0.8831488314883149	0.8547619047619047	0.9134860050890585
3	153	0.7514018691588785	0.8451688009313155	0.7610062893081762	0.9502617801047121
13	154	0.7590822179732314	0.844059405940594	0.8632911392405064	0.8256658595641646
12	154	0.7320388349514563	0.8174603174603174	0.7536585365853659	0.8930635838150289
9	154	0.7077798861480076	0.8035714285714286	0.7394366197183099	0.8798882681564246
7	154	0.8169556840077071	0.8831488314883149	0.8547619047619047	0.9134860050890585
2	154	0.7285429141716567	0.8274111675126904	0.7511520737327189	0.9209039548022598
14	155	0.7100591715976331	0.8047808764940239	0.808	0.8015873015873016
15	155	0.7173076923076923	0.8063241106719368	0.7355769230769231	0.892128279883382
8	155	0.7623574144486692	0.8427672955974843	0.8052884615384616	0.8839050131926122
7	155	0.8169556840077071	0.8831488314883149	0.8547619047619047	0.9134860050890585
5	155	0.7808219178082192	0.8603491271820449	0.7986111111111112	0.9324324324324325
6	156	0.714867617107943	0.8123324396782842	0.7651515151515151	0.8657142857142858
8	156	0.7623574144486692	0.8427672955974843	0.8052884615384616	0.8839050131926122
14	156	0.7100591715976331	0.8047808764940239	0.808	0.8015873015873016
13	156	0.7590822179732314	0.844059405940594	0.8632911392405064	0.8256658595641646
15	156	0.7173076923076923	0.8063241106719368	0.7355769230769231	0.892128279883382
7	157	0.8169556840077071	0.8831488314883149	0.8547619047619047	0.9134860050890585
4	157	0.7290448343079922	0.8098495212038304	0.7589743589743589	0.8680351906158358
13	157	0.7590822179732314	0.844059405940594	0.8632911392405064	0.8256658595641646
6	157	0.714867617107943	0.8123324396782842	0.7651515151515151	0.8657142857142858
10	157	0.7313974591651543	0.8131313131313131	0.8090452261306532	0.817258883248731
12	158	0.7320388349514563	0.8174603174603174	0.7536585365853659	0.8930635838150289
7	158	0.8169556840077071	0.8831488314883149	0.8547619047619047	0.9134860050890585
5	158	0.7808219178082192	0.8603491271820449	0.7986111111111112	0.9324324324324325
13	158	0.7590822179732314	0.844059405940594	0.8632911392405064	0.8256658595641646
2	158	0.7285429141716567	0.8274111675126904	0.7511520737327189	0.9209039548022598
12	159	0.7320388349514563	0.8174603174603174	0.7536585365853659	0.8930635838150289
7	159	0.8169556840077071	0.8831488314883149	0.8547619047619047	0.9134860050890585
9	159	0.7077798861480076	0.8035714285714286	0.7394366197183099	0.8798882681564246
15	159	0.7173076923076923	0.8063241106719368	0.7355769230769231	0.892128279883382
14	159	0.7100591715976331	0.8047808764940239	0.808	0.8015873015873016
15	160	0.7173076923076923	0.8063241106719368	0.7355769230769231	0.892128279883382
2	160	0.7285429141716567	0.8274111675126904	0.7511520737327189	0.9209039548022598
13	160	0.7590822179732314	0.844059405940594	0.8632911392405064	0.8256658595641646
6	160	0.714867617107943	0.8123324396782842	0.7651515151515151	0.8657142857142858
7	160	0.8169556840077071	0.8831488314883149	0.8547619047619047	0.9134860050890585
1	161	0.9330628803245437	0.9577464788732394	0.9516539440203562	0.9639175257731959
5	161	0.7808219178082192	0.8603491271820449	0.7986111111111112	0.9324324324324325
7	161	0.8169556840077071	0.8831488314883149	0.8547619047619047	0.9134860050890585
2	161	0.7285429141716567	0.8274111675126904	0.7511520737327189	0.9209039548022598
8	161	0.7623574144486692	0.8427672955974843	0.8052884615384616	0.8839050131926122
6	162	0.6945010183299389	0.7967479674796748	0.7577319587628866	0.84
12	162	0.7165048543689321	0.8063660477453581	0.7450980392156863	0.8786127167630058
8	162	0.7243346007604563	0.8143405889884763	0.7910447761194029	0.8390501319261213
15	162	0.7019230769230769	0.7941567065073041	0.7292682926829268	0.8717201166180758
14	162	0.6883629191321499	0.7876344086021505	0.8005464480874317	0.7751322751322751
4	163	0.7076023391812866	0.7928176795580111	0.7493472584856397	0.841642228739003
8	163	0.7243346007604563	0.8143405889884763	0.7910447761194029	0.8390501319261213
7	163	0.7514450867052023	0.8365019011406845	0.8333333333333334	0.8396946564885496
14	163	0.6883629191321499	0.7876344086021505	0.8005464480874317	0.7751322751322751
9	163	0.6888045540796964	0.7902813299232737	0.7287735849056604	0.8631284916201117
12	164	0.7165048543689321	0.8063660477453581	0.7450980392156863	0.8786127167630058
13	164	0.7361376673040153	0.8287841191066998	0.8498727735368957	0.8087167070217918
4	164	0.7076023391812866	0.7928176795580111	0.7493472584856397	0.841642228739003
1	164	0.9249492900608519	0.9523809523809523	0.9511568123393316	0.9536082474226805
5	164	0.7397260273972602	0.8343711083437111	0.7736720554272517	0.9054054054054054
9	165	0.6223908918406073	0.7385019710906702	0.6972704714640199	0.7849162011173184
7	165	0.6897880539499036	0.7933247753530167	0.8005181347150259	0.7862595419847328
11	165	0.6372360844529751	0.7522935779816514	0.7884615384615384	0.7192982456140351
10	165	0.6297640653357531	0.7322834645669292	0.7581521739130435	0.7081218274111675
6	165	0.6354378818737271	0.7537826685006878	0.726790450928382	0.7828571428571428
5	166	0.6594911937377691	0.779746835443038	0.7333333333333333	0.8324324324324325
2	166	0.6826347305389222	0.7974522292993631	0.7262180974477959	0.884180790960452
15	166	0.6403846153846153	0.7536231884057971	0.6875	0.8338192419825073
4	166	0.6413255360623782	0.7393767705382436	0.7150684931506849	0.7653958944281525
3	166	0.6934579439252336	0.8066037735849056	0.7339055793991416	0.8952879581151832
8	167	0.6083650190114068	0.7178082191780822	0.7464387464387464	0.6912928759894459
3	167	0.6934579439252336	0.8066037735849056	0.7339055793991416	0.8952879581151832
5	167	0.6594911937377691	0.779746835443038	0.7333333333333333	0.8324324324324325
14	167	0.591715976331361	0.705547652916074	0.7630769230769231	0.656084656084656
6	167	0.6354378818737271	0.7537826685006878	0.726790450928382	0.7828571428571428
12	168	0.6640776699029126	0.766531713900135	0.7189873417721518	0.8208092485549133
8	168	0.6083650190114068	0.7178082191780822	0.7464387464387464	0.6912928759894459
14	168	0.591715976331361	0.705547652916074	0.7630769230769231	0.656084656084656
13	168	0.6673040152963671	0.7751937984496124	0.8310249307479224	0.7263922518159807
3	168	0.6934579439252336	0.8066037735849056	0.7339055793991416	0.8952879581151832
6	169	0.6354378818737271	0.7537826685006878	0.726790450928382	0.7828571428571428
5	169	0.6594911937377691	0.779746835443038	0.7333333333333333	0.8324324324324325
2	169	0.6826347305389222	0.7974522292993631	0.7262180974477959	0.884180790960452
10	169	0.6297640653357531	0.7322834645669292	0.7581521739130435	0.7081218274111675
9	169	0.6223908918406073	0.7385019710906702	0.6972704714640199	0.7849162011173184
2	170	0.6826347305389222	0.7974522292993631	0.7262180974477959	0.884180790960452
8	170	0.6083650190114068	0.7178082191780822	0.7464387464387464	0.6912928759894459
14	170	0.591715976331361	0.705547652916074	0.7630769230769231	0.656084656084656
6	170	0.6354378818737271	0.7537826685006878	0.726790450928382	0.7828571428571428
13	170	0.6673040152963671	0.7751937984496124	0.8310249307479224	0.7263922518159807
9	171	0.6223908918406073	0.7385019710906702	0.6972704714640199	0.7849162011173184
3	171	0.6934579439252336	0.8066037735849056	0.7339055793991416	0.8952879581151832
6	171	0.6354378818737271	0.7537826685006878	0.726790450928382	0.7828571428571428
10	171	0.6297640653357531	0.7322834645669292	0.7581521739130435	0.7081218274111675
5	171	0.6594911937377691	0.779746835443038	0.7333333333333333	0.8324324324324325
13	172	0.6673040152963671	0.7751937984496124	0.8310249307479224	0.7263922518159807
7	172	0.6897880539499036	0.7933247753530167	0.8005181347150259	0.7862595419847328
4	172	0.6413255360623782	0.7393767705382436	0.7150684931506849	0.7653958944281525
14	172	0.591715976331361	0.705547652916074	0.7630769230769231	0.656084656084656
11	172	0.6372360844529751	0.7522935779816514	0.7884615384615384	0.7192982456140351
10	173	0.6297640653357531	0.7322834645669292	0.7581521739130435	0.7081218274111675
8	173	0.6083650190114068	0.7178082191780822	0.7464387464387464	0.6912928759894459
15	173	0.6403846153846153	0.7536231884057971	0.6875	0.8338192419825073
1	173	0.9148073022312373	0.9455958549222798	0.9505208333333334	0.9407216494845361
6	173	0.6354378818737271	0.7537826685006878	0.726790450928382	0.7828571428571428
13	174	0.5984703632887189	0.717741935483871	0.8066465256797583	0.6464891041162227
10	174	0.5789473684210527	0.6856368563685636	0.7354651162790697	0.6421319796954315
9	174	0.6129032258064516	0.7301587301587301	0.6934673366834171	0.770949720670391
6	174	0.5723014256619144	0.6982758620689655	0.7023121387283237	0.6942857142857143
3	174	0.6373831775700934	0.7634146341463415	0.7146118721461188	0.819371727748691
7	175	0.6551059730250481	0.7708066581306018	0.7757731958762887	0.7659033078880407
12	175	0.570873786407767	0.6968449931412894	0.6631853785900783	0.7341040462427746
1	175	0.9087221095334685	0.9419354838709677	0.9431524547803618	0.9407216494845361
3	175	0.6373831775700934	0.7634146341463415	0.7146118721461188	0.819371727748691
4	175	0.5867446393762183	0.7014084507042253	0.6747967479674797	0.7302052785923754
12	176	0.570873786407767	0.6968449931412894	0.6631853785900783	0.7341040462427746
2	176	0.6327345309381237	0.7604166666666666	0.7053140096618358	0.8248587570621468
13	176	0.5984703632887189	0.717741935483871	0.8066465256797583	0.6464891041162227
11	176	0.5854126679462572	0.7081081081081081	0.7683284457478006	0.656641604010025
7	176	0.6473988439306358	0.7668789808917198	0.7678571428571429	0.7659033078880407
2	177	0.6327345309381237	0.7604166666666666	0.7053140096618358	0.8248587570621468
12	177	0.570873786407767	0.6968449931412894	0.6631853785900783	0.7341040462427746
7	177	0.6473988439306358	0.7668789808917198	0.7678571428571429	0.7659033078880407
15	177	0.5788461538461539	0.7181467181467182	0.6428571428571429	0.8134110787172012
4	177	0.5789473684210527	0.6974789915966386	0.6675603217158177	0.7302052785923754
3	178	0.6373831775700934	0.7634146341463415	0.7146118721461188	0.819371727748691
11	178	0.5854126679462572	0.7081081081081081	0.7683284457478006	0.656641604010025
12	178	0.570873786407767	0.6968449931412894	0.6631853785900783	0.7341040462427746
6	178	0.570264765784114	0.697274031563845	0.7002881844380403	0.6942857142857143
4	178	0.5789473684210527	0.6974789915966386	0.6675603217158177	0.7302052785923754
4	179	0.5789473684210527	0.6974789915966386	0.6675603217158177	0.7302052785923754
5	179	0.6144814090019569	0.7490445859872611	0.708433734939759	0.7945945945945946
11	179	0.5854126679462572	0.7081081081081081	0.7683284457478006	0.656641604010025
13	179	0.5984703632887189	0.717741935483871	0.8066465256797583	0.6464891041162227
3	179	0.6373831775700934	0.7634146341463415	0.7146118721461188	0.819371727748691
5	180	0.6144814090019569	0.7490445859872611	0.708433734939759	0.7945945945945946
4	180	0.5789473684210527	0.6974789915966386	0.6675603217158177	0.7302052785923754
8	180	0.5304182509505704	0.6486486486486487	0.7037037037037037	0.6015831134564644
1	180	0.9087221095334685	0.9419354838709677	0.9431524547803618	0.9407216494845361
11	180	0.5854126679462572	0.7081081081081081	0.7683284457478006	0.656641604010025
11	181	0.5854126679462572	0.7081081081081081	0.7683284457478006	0.656641604010025
8	181	0.5304182509505704	0.6486486486486487	0.7037037037037037	0.6015831134564644
2	181	0.6327345309381237	0.7604166666666666	0.7053140096618358	0.8248587570621468
9	181	0.6129032258064516	0.7301587301587301	0.6934673366834171	0.770949720670391
3	181	0.6373831775700934	0.7634146341463415	0.7146118721461188	0.819371727748691
9	182	0.6129032258064516	0.7301587301587301	0.6934673366834171	0.770949720670391
7	182	0.6473988439306358	0.7668789808917198	0.7678571428571429	0.7659033078880407
2	182	0.6327345309381237	0.7604166666666666	0.7053140096618358	0.8248587570621468
11	182	0.5854126679462572	0.7081081081081081	0.7683284457478006	0.656641604010025
12	182	0.570873786407767	0.6968449931412894	0.6631853785900783	0.7341040462427746
4	183	0.5789473684210527	0.6974789915966386	0.6675603217158177	0.7302052785923754
12	183	0.570873786407767	0.6968449931412894	0.6631853785900783	0.7341040462427746
7	183	0.6473988439306358	0.7668789808917198	0.7678571428571429	0.7659033078880407
1	183	0.9087221095334685	0.9419354838709677	0.9431524547803618	0.9407216494845361
15	183	0.5788461538461539	0.7181467181467182	0.6428571428571429	0.8134110787172012
9	184	0.6129032258064516	0.7301587301587301	0.6934673366834171	0.770949720670391
6	184	0.570264765784114	0.697274031563845	0.7002881844380403	0.6942857142857143
3	184	0.6373831775700934	0.7634146341463415	0.7146118721461188	0.819371727748691
12	184	0.570873786407767	0.6968449931412894	0.6631853785900783	0.7341040462427746
8	184	0.5304182509505704	0.6486486486486487	0.7037037037037037	0.6015831134564644
10	185	0.5789473684210527	0.6856368563685636	0.7354651162790697	0.6421319796954315
5	185	0.6144814090019569	0.7490445859872611	0.708433734939759	0.7945945945945946
12	185	0.570873786407767	0.6968449931412894	0.6631853785900783	0.7341040462427746
2	185	0.6327345309381237	0.7604166666666666	0.7053140096618358	0.8248587570621468
11	185	0.5854126679462572	0.7081081081081081	0.7683284457478006	0.656641604010025
1	186	0.9087221095334685	0.9419354838709677	0.9431524547803618	0.9407216494845361
14	186	0.5167652859960552	0.6370370370370371	0.7239057239057239	0.5687830687830688
15	186	0.5788461538461539	0.7181467181467182	0.6428571428571429	0.8134110787172012
4	186	0.5789473684210527	0.6974789915966386	0.6675603217158177	0.7302052785923754
13	186	0.5984703632887189	0.717741935483871	0.8066465256797583	0.6464891041162227
10	187	0.5789473684210527	0.6856368563685636	0.7354651162790697	0.6421319796954315
14	187	0.5167652859960552	0.6370370370370371	0.7239057239057239	0.5687830687830688
2	187	0.6327345309381237	0.7604166666666666	0.7053140096618358	0.8248587570621468
15	187	0.5788461538461539	0.7181467181467182	0.6428571428571429	0.8134110787172012
6	187	0.570264765784114	0.697274031563845	0.7002881844380403	0.6942857142857143
5	188	0.6144814090019569	0.7490445859872611	0.708433734939759	0.7945945945945946
6	188	0.570264765784114	0.697274031563845	0.7002881844380403	0.6942857142857143
4	188	0.5789473684210527	0.6974789915966386	0.6675603217158177	0.7302052785923754
10	188	0.5789473684210527	0.6856368563685636	0.7354651162790697	0.6421319796954315
1	188	0.9087221095334685	0.9419354838709677	0.9431524547803618	0.9407216494845361
11	189	0.5854126679462572	0.7081081081081081	0.7683284457478006	0.656641604010025
4	189	0.5789473684210527	0.6974789915966386	0.6675603217158177	0.7302052785923754
1	189	0.9087221095334685	0.9419354838709677	0.9431524547803618	0.9407216494845361
9	189	0.6129032258064516	0.7301587301587301	0.6934673366834171	0.770949720670391
6	189	0.570264765784114	0.697274031563845	0.7002881844380403	0.6942857142857143
4	190	0.5789473684210527	0.6974789915966386	0.6675603217158177	0.7302052785923754
2	190	0.6327345309381237	0.7604166666666666	0.7053140096618358	0.8248587570621468
5	190	0.6144814090019569	0.7490445859872611	0.708433734939759	0.7945945945945946
1	190	0.9087221095334685	0.9419354838709677	0.9431524547803618	0.9407216494845361
12	190	0.570873786407767	0.6968449931412894	0.6631853785900783	0.7341040462427746
3	191	0.6373831775700934	0.7634146341463415	0.7146118721461188	0.819371727748691
5	191	0.6144814090019569	0.7490445859872611	0.708433734939759	0.7945945945945946
12	191	0.570873786407767	0.6968449931412894	0.6631853785900783	0.7341040462427746
4	191	0.5789473684210527	0.6974789915966386	0.6675603217158177	0.7302052785923754
11	191	0.5854126679462572	0.7081081081081081	0.7683284457478006	0.656641604010025
13	192	0.5984703632887189	0.717741935483871	0.8066465256797583	0.6464891041162227
8	192	0.5304182509505704	0.6486486486486487	0.7037037037037037	0.6015831134564644
2	192	0.6327345309381237	0.7604166666666666	0.7053140096618358	0.8248587570621468
6	192	0.570264765784114	0.697274031563845	0.7002881844380403	0.6942857142857143
3	192	0.6373831775700934	0.7634146341463415	0.7146118721461188	0.819371727748691
6	193	0.570264765784114	0.697274031563845	0.7002881844380403	0.6942857142857143
14	193	0.5167652859960552	0.6370370370370371	0.7239057239057239	0.5687830687830688
4	193	0.5789473684210527	0.6974789915966386	0.6675603217158177	0.7302052785923754
3	193	0.6373831775700934	0.7634146341463415	0.7146118721461188	0.819371727748691
2	193	0.6327345309381237	0.7604166666666666	0.7053140096618358	0.8248587570621468
3	194	0.6373831775700934	0.7634146341463415	0.7146118721461188	0.819371727748691
8	194	0.5304182509505704	0.6486486486486487	0.7037037037037037	0.6015831134564644
13	194	0.5984703632887189	0.717741935483871	0.8066465256797583	0.6464891041162227
2	194	0.6327345309381237	0.7604166666666666	0.7053140096618358	0.8248587570621468
14	194	0.5167652859960552	0.6370370370370371	0.7239057239057239	0.5687830687830688
3	195	0.6373831775700934	0.7634146341463415	0.7146118721461188	0.819371727748691
4	195	0.5789473684210527	0.6974789915966386	0.6675603217158177	0.7302052785923754
11	195	0.5854126679462572	0.7081081081081081	0.7683284457478006	0.656641604010025
2	195	0.6327345309381237	0.7604166666666666	0.7053140096618358	0.8248587570621468
8	195	0.5304182509505704	0.6486486486486487	0.7037037037037037	0.6015831134564644
6	196	0.570264765784114	0.697274031563845	0.7002881844380403	0.6942857142857143
4	196	0.5789473684210527	0.6974789915966386	0.6675603217158177	0.7302052785923754
3	196	0.6373831775700934	0.7634146341463415	0.7146118721461188	0.819371727748691
7	196	0.6473988439306358	0.7668789808917198	0.7678571428571429	0.7659033078880407
11	196	0.5854126679462572	0.7081081081081081	0.7683284457478006	0.656641604010025
3	197	0.6373831775700934	0.7634146341463415	0.7146118721461188	0.819371727748691
5	197	0.6144814090019569	0.7490445859872611	0.708433734939759	0.7945945945945946
2	197	0.6327345309381237	0.7604166666666666	0.7053140096618358	0.8248587570621468
13	197	0.5984703632887189	0.717741935483871	0.8066465256797583	0.6464891041162227
7	197	0.6473988439306358	0.7668789808917198	0.7678571428571429	0.7659033078880407
6	198	0.570264765784114	0.697274031563845	0.7002881844380403	0.6942857142857143
15	198	0.5788461538461539	0.7181467181467182	0.6428571428571429	0.8134110787172012
10	198	0.5789473684210527	0.6856368563685636	0.7354651162790697	0.6421319796954315
9	198	0.6129032258064516	0.7301587301587301	0.6934673366834171	0.770949720670391
7	198	0.6473988439306358	0.7668789808917198	0.7678571428571429	0.7659033078880407
4	199	0.5789473684210527	0.6974789915966386	0.6675603217158177	0.7302052785923754
5	199	0.6144814090019569	0.7490445859872611	0.708433734939759	0.7945945945945946
11	199	0.5854126679462572	0.7081081081081081	0.7683284457478006	0.656641604010025
14	199	0.5167652859960552	0.6370370370370371	0.7239057239057239	0.5687830687830688
2	199	0.6327345309381237	0.7604166666666666	0.7053140096618358	0.8248587570621468
10	200	0.5789473684210527	0.6856368563685636	0.7354651162790697	0.6421319796954315
12	200	0.570873786407767	0.6968449931412894	0.6631853785900783	0.7341040462427746
1	200	0.9087221095334685	0.9419354838709677	0.9431524547803618	0.9407216494845361
15	200	0.5788461538461539	0.7181467181467182	0.6428571428571429	0.8134110787172012
6	200	0.570264765784114	0.697274031563845	0.7002881844380403	0.6942857142857143
