round	accuracy	precision	recall	f1	specificity	loss
1	0.8216	0.8390	0.9536	0.8926	0.3604	0.45188916414372066
2	0.7315	0.7691	0.9356	0.8442	0.0180	0.5684772920558301
3	0.8156	0.8149	0.9871	0.8928	0.2162	0.4280596235097029
4	0.8196	0.8311	0.9639	0.8926	0.3153	0.438530986035915
5	0.7054	0.7757	0.8737	0.8218	0.1171	0.5994731496916339
6	0.7214	0.7736	0.9072	0.8351	0.0721	0.5817510059732047
7	0.6954	0.7744	0.8582	0.8142	0.1261	0.5758109149457882
8	0.7475	0.7799	0.9407	0.8528	0.0721	0.5923359533059279
9	0.7615	0.8036	0.9175	0.8568	0.2162	0.5471338834416264
10	0.7575	0.7883	0.9407	0.8578	0.1171	0.7646064949338378
11	0.7295	0.7756	0.9175	0.8406	0.0721	0.5733493612096747
12	0.7255	0.7734	0.9149	0.8383	0.0631	0.5962256725634312
13	0.6974	0.7762	0.8582	0.8152	0.1351	0.6384239666362121
14	0.7295	0.7921	0.8840	0.8356	0.1892	0.5428558453996851
15	0.7014	0.7650	0.8892	0.8224	0.0450	0.6114094041802457
16	0.7796	0.7957	0.9639	0.8718	0.1351	0.4421590880867738
17	0.7415	0.7821	0.9253	0.8477	0.0991	0.5675473892302223
18	0.8417	0.8472	0.9716	0.9052	0.3874	0.4369787775593059
19	0.6954	0.7757	0.8557	0.8137	0.1351	0.5703227653772518
20	0.6914	0.7708	0.8582	0.8122	0.1081	0.5933533538938692
21	0.8437	0.8507	0.9691	0.9060	0.4054	0.4324834693304913
22	0.7295	0.7868	0.8943	0.8372	0.1532	0.5556990039704112
23	0.7295	0.7768	0.9149	0.8402	0.0811	0.5792704092303658
24	0.7014	0.7698	0.8789	0.8207	0.0811	0.7917551889612329
25	0.7976	0.8425	0.9098	0.8748	0.4054	0.4591964344216933
26	0.7535	0.7991	0.9124	0.8520	0.1982	0.5513335263386512
27	0.7154	0.7821	0.8789	0.8277	0.1441	0.5634381511217806
28	0.7415	0.7785	0.9330	0.8488	0.0721	0.599847461513239
29	0.7134	0.7753	0.8892	0.8283	0.0991	0.5916290408877255
30	0.8216	0.8375	0.9562	0.8929	0.3514	0.4354683297950986
31	0.8277	0.8297	0.9794	0.8983	0.2973	0.43778288221943207
32	0.7074	0.7701	0.8892	0.8254	0.0721	0.590730922530337
33	0.7315	0.7810	0.9098	0.8405	0.1081	0.542446876781502
34	0.8036	0.8059	0.9845	0.8863	0.1712	0.4395773572536523
35	0.7435	0.7902	0.9124	0.8469	0.1532	0.5718670085458729
36	0.8397	0.8407	0.9794	0.9048	0.3514	0.4352233982333682
37	0.7234	0.7815	0.8943	0.8341	0.1261	0.571487611551346
38	0.7054	0.7849	0.8557	0.8187	0.1802	0.564187460877677
39	0.8297	0.8420	0.9613	0.8977	0.3694	0.4303319389000028
40	0.7114	0.7864	0.8634	0.8231	0.1802	0.550451303255526
41	0.7234	0.7741	0.9098	0.8365	0.0721	0.5843058319535911
42	0.7214	0.7836	0.8866	0.8319	0.1441	0.5993401552927855
43	0.7355	0.7870	0.9046	0.8417	0.1441	0.5478302037361463
44	0.8317	0.8439	0.9613	0.8988	0.3784	0.438836944614885
45	0.6894	0.7630	0.8711	0.8135	0.0541	0.6667441305733868
46	0.7054	0.7720	0.8814	0.8231	0.0901	0.634243550296344
47	0.6974	0.7687	0.8737	0.8179	0.0811	0.6097502734478121
48	0.8156	0.8176	0.9820	0.8923	0.2342	0.44410182621747085
49	0.8236	0.8275	0.9768	0.8960	0.2883	0.44049778395949
50	0.7375	0.7837	0.9149	0.8442	0.1171	0.554330368677192
51	0.7475	0.7811	0.9381	0.8525	0.0811	0.5671087828373412
52	0.7014	0.7722	0.8737	0.8198	0.0991	0.5725953213072097
53	0.7114	0.7850	0.8660	0.8235	0.1712	0.5673078681298809
54	0.6974	0.7675	0.8763	0.8183	0.0721	0.6449465817963487
55	0.7275	0.7851	0.8943	0.8361	0.1441	0.5643946401161006
56	0.8136	0.8345	0.9485	0.8878	0.3423	0.43868782722122857
57	0.8297	0.8330	0.9768	0.8992	0.3153	0.44130197070167865
58	0.6894	0.7678	0.8608	0.8117	0.0901	0.6136792131685415
59	0.8437	0.8539	0.9639	0.9056	0.4234	0.4312755277520546
60	0.7996	0.8064	0.9768	0.8834	0.1802	0.4632046675601859
61	0.7234	0.7803	0.8969	0.8345	0.1171	0.5792501771643084
62	0.7315	0.7860	0.8995	0.8389	0.1441	0.669055639709555
63	0.7214	0.7889	0.8763	0.8303	0.1802	0.5633654594425287
64	0.8236	0.8538	0.9330	0.8916	0.4414	0.419174287919576
65	0.7956	0.8095	0.9639	0.8800	0.2072	0.43646684467138086
66	0.7094	0.7670	0.8995	0.8280	0.0450	0.5917840526993116
67	0.7214	0.7712	0.9124	0.8359	0.0541	0.5644786003508633
68	0.7876	0.8079	0.9536	0.8747	0.2072	0.45279956293035345
69	0.8317	0.8423	0.9639	0.8990	0.3694	0.4278844012656187
70	0.7154	0.7758	0.8918	0.8297	0.0991	0.5697622430150308
71	0.8116	0.8281	0.9562	0.8876	0.3063	0.44459369997529713
72	0.7094	0.7768	0.8789	0.8247	0.1171	0.584096956671972
73	0.7495	0.7745	0.9562	0.8558	0.0270	0.5857356824991106
74	0.6994	0.7729	0.8686	0.8180	0.1081	0.5696052457772603
75	0.7014	0.7710	0.8763	0.8203	0.0901	0.5987525438017357
76	0.7234	0.7765	0.9046	0.8357	0.0901	0.5480952152304346
77	0.7515	0.8056	0.8969	0.8488	0.2432	0.5704161079326525
78	0.7976	0.8099	0.9665	0.8813	0.2072	0.439711203919012
79	0.7495	0.8080	0.8892	0.8466	0.2613	0.5375842320630804
80	0.7335	0.7840	0.9072	0.8411	0.1261	0.5708583965204059
81	0.7515	0.7986	0.9098	0.8506	0.1982	0.5342795838032425
82	0.7896	0.8030	0.9665	0.8772	0.1712	0.4716416500318939
83	0.7555	0.7904	0.9330	0.8558	0.1351	0.561113796318236
84	0.7315	0.7822	0.9072	0.8401	0.1171	0.5758232697651448
85	0.7635	0.8013	0.9253	0.8589	0.1982	0.5483363368457393
86	0.7375	0.7787	0.9253	0.8457	0.0811	0.5893459575100518
87	0.7575	0.7787	0.9613	0.8604	0.0450	0.6388636654667657
88	0.7335	0.7918	0.8918	0.8388	0.1802	0.5528767550106882
89	0.7355	0.7832	0.9124	0.8429	0.1171	0.5886030867326761
90	0.8357	0.8341	0.9845	0.9031	0.3153	0.4364336518942157
91	0.7054	0.7822	0.8608	0.8196	0.1622	0.7353658103343487
92	0.6994	0.7729	0.8686	0.8180	0.1081	0.5813369893224397
93	0.7856	0.8048	0.9562	0.8740	0.1892	0.44314143051551225
94	0.8357	0.8462	0.9639	0.9012	0.3874	0.4345417959271091
95	0.6934	0.7791	0.8454	0.8109	0.1622	0.64457753109006
96	0.7335	0.8000	0.8763	0.8364	0.2342	0.5618596813186167
97	0.7194	0.7661	0.9201	0.8361	0.0180	0.5766508261676666
98	0.6994	0.7874	0.8402	0.8130	0.2072	0.5551559471634832
99	0.6894	0.7654	0.8660	0.8126	0.0721	0.5778202201116441
100	0.7214	0.7823	0.8892	0.8323	0.1351	0.565489995988883
101	0.7395	0.7817	0.9227	0.8463	0.0991	0.5735078146854419
102	0.7415	0.7859	0.9175	0.8466	0.1261	0.5549550901101388
103	0.7976	0.8034	0.9794	0.8827	0.1622	0.4621886040801471
104	0.7234	0.7729	0.9124	0.8369	0.0631	0.7078879811652264
105	0.8136	0.8315	0.9536	0.8884	0.3243	0.4483750048077905
106	0.7315	0.7860	0.8995	0.8389	0.1441	0.669055639709555
107	0.7134	0.7765	0.8866	0.8279	0.1081	0.585048944736681
108	0.7114	0.7723	0.8918	0.8278	0.0811	0.8157492098855608
109	0.7275	0.7775	0.9098	0.8385	0.0901	0.5876730452226441
110	0.8036	0.8098	0.9768	0.8855	0.1982	0.43893766656868083
111	0.8076	0.8093	0.9845	0.8884	0.1892	0.4442088063311318
112	0.7034	0.7691	0.8840	0.8225	0.0721	0.583121068285783
113	0.8096	0.8220	0.9639	0.8873	0.2703	0.4440232542121053
114	0.8257	0.8237	0.9871	0.8980	0.2613	0.4384219330619221
115	0.7255	0.7820	0.8969	0.8355	0.1261	0.5659973443716316
116	0.7315	0.7860	0.8995	0.8389	0.1441	0.5547886035910758
117	0.7174	0.7892	0.8686	0.8270	0.1892	0.5672002363981866
118	0.7214	0.7810	0.8918	0.8327	0.1261	0.5719924907615227
119	0.7575	0.7834	0.9510	0.8591	0.0811	0.5765497934471941
120	0.7255	0.7711	0.9201	0.8390	0.0450	0.6058222236099166
121	0.6814	0.7596	0.8634	0.8082	0.0450	0.5805465322076307
122	0.8136	0.8300	0.9562	0.8886	0.3153	0.4429450691937692
123	0.7154	0.7901	0.8634	0.8251	0.1982	0.566314139649078
124	0.7856	0.8074	0.9510	0.8734	0.2072	0.4589974884312015
125	0.7295	0.7768	0.9149	0.8402	0.0811	0.5792704092303658
126	0.7615	0.7880	0.9485	0.8608	0.1081	0.565978498365119
127	0.7836	0.7954	0.9716	0.8747	0.1261	0.4488953593957139
128	0.7515	0.7857	0.9356	0.8541	0.1081	0.6089990943735973
129	0.7134	0.7829	0.8737	0.8258	0.1532	0.5657590713033901
130	0.7515	0.8014	0.9046	0.8499	0.2162	0.5538885607723814
131	0.7275	0.7751	0.9149	0.8392	0.0721	0.5711018134341124
132	0.7956	0.8150	0.9536	0.8789	0.2432	0.4508262503879266
133	0.8156	0.8217	0.9742	0.8915	0.2613	0.43877837510725215
134	0.8076	0.8318	0.9433	0.8841	0.3333	0.44487902485839437
135	0.7255	0.7758	0.9098	0.8375	0.0811	0.5933359347416161
136	0.8437	0.8460	0.9768	0.9067	0.3784	0.43604970400987136
137	0.7395	0.7756	0.9356	0.8481	0.0541	0.5868657107643929
138	0.8156	0.8333	0.9536	0.8894	0.3333	0.4304985333636304
139	0.7315	0.7953	0.8814	0.8362	0.2072	0.5714048146732947
140	0.7255	0.7699	0.9227	0.8394	0.0360	0.5746774525500715
141	0.7756	0.8026	0.9433	0.8673	0.1892	0.4516718269056061
142	0.8297	0.8420	0.9613	0.8977	0.3694	0.4303319389000028
143	0.7295	0.7830	0.9021	0.8383	0.1261	0.630794670804374
144	0.7876	0.8106	0.9485	0.8741	0.2252	0.4544377762140403
145	0.7174	0.7852	0.8763	0.8283	0.1622	0.5872033884847485
146	0.7234	0.7790	0.8995	0.8349	0.1081	0.5541776807514991
147	0.8277	0.8254	0.9871	0.8991	0.2703	0.43375324945638705
148	0.7275	0.7739	0.9175	0.8396	0.0631	0.5866979846820471
149	0.7074	0.7801	0.8686	0.8220	0.1441	0.5727893147752959
150	0.7655	0.7939	0.9433	0.8622	0.1441	0.5624781527929913
151	0.7395	0.7817	0.9227	0.8463	0.0991	0.5738848168300805
152	0.7074	0.7801	0.8686	0.8220	0.1441	0.5815003648152539
153	0.7094	0.7832	0.8660	0.8225	0.1622	0.5611518100246197
154	0.8196	0.8296	0.9665	0.8929	0.3063	0.43105094577378805
155	0.8257	0.8352	0.9665	0.8961	0.3333	0.44784100311672664
156	0.8156	0.8333	0.9536	0.8894	0.3333	0.4304985333636304
157	0.7635	0.8184	0.8943	0.8547	0.3063	0.5511948034897467
158	0.7475	0.7811	0.9381	0.8525	0.0811	0.5808627798191108
159	0.8236	0.8289	0.9742	0.8957	0.2973	0.43189236008056997
160	0.7535	0.7801	0.9510	0.8571	0.0631	0.6019374605975116
161	0.7375	0.8096	0.8660	0.8369	0.2883	0.5540193573532053
162	0.8036	0.8152	0.9665	0.8844	0.2342	0.44289910672905414
163	0.7535	0.7801	0.9510	0.8571	0.0631	0.6019374605975116
164	0.7014	0.7760	0.8660	0.8185	0.1261	0.5667550061842649
165	0.7154	0.7733	0.8969	0.8305	0.0811	0.609462058012017
166	0.7074	0.7689	0.8918	0.8258	0.0631	0.6843244559189791
167	0.7214	0.7785	0.8969	0.8335	0.1081	0.5975033101352601
168	0.8076	0.8318	0.9433	0.8841	0.3333	0.4323773644428982
169	0.7535	0.7874	0.9356	0.8551	0.1171	0.6004200556535781
170	0.7395	0.7959	0.8943	0.8422	0.1982	0.5387636281517603
171	0.7295	0.7792	0.9098	0.8395	0.0991	0.6255483484946031
172	0.8257	0.8223	0.9897	0.8982	0.2523	0.4514153211259843
173	0.7455	0.7843	0.9278	0.8501	0.1081	0.6067915372990483
174	0.7194	0.7768	0.8969	0.8325	0.0991	0.5686257988293948
175	0.7615	0.8036	0.9175	0.8568	0.2162	0.5552563338310433
176	0.7816	0.8053	0.9485	0.8710	0.1982	0.45892196687913805
177	0.7455	0.7919	0.9124	0.8479	0.1622	0.7770134769380762
178	0.7094	0.7768	0.8789	0.8247	0.1171	0.685542017706645
179	0.7535	0.7874	0.9356	0.8551	0.1171	0.5724667874627378
180	0.7415	0.7773	0.9356	0.8491	0.0631	0.5734339851191171
181	0.7214	0.7701	0.9149	0.8363	0.0450	0.6786470761835235
182	0.7836	0.7979	0.9665	0.8741	0.1441	0.4545730271621348
183	0.8056	0.8143	0.9716	0.8860	0.2252	0.4548098524068312
184	0.7014	0.7698	0.8789	0.8207	0.0811	0.7917551889612329
185	0.7234	0.7907	0.8763	0.8313	0.1892	0.5593573533981275
186	0.7375	0.7824	0.9175	0.8446	0.1081	0.5777017931896117
187	0.7475	0.7885	0.9227	0.8504	0.1351	0.5655226616246346
188	0.7335	0.7891	0.8969	0.8396	0.1622	0.5673179965174227
189	0.8036	0.8194	0.9588	0.8836	0.2613	0.44324844059807045
190	0.7475	0.8018	0.8969	0.8467	0.2252	0.5487114987740724
191	0.7355	0.7819	0.9149	0.8432	0.1081	0.5747658135278546
192	0.7194	0.7780	0.8943	0.8321	0.1081	0.5576733423553532
193	0.7876	0.7987	0.9716	0.8767	0.1441	0.4493392151027798
194	0.7154	0.7770	0.8892	0.8293	0.1081	0.5724998000922408
195	0.7876	0.8190	0.9330	0.8723	0.2793	0.4580710720349516
196	0.7635	0.8000	0.9278	0.8592	0.1892	0.5485949682703696
197	0.7375	0.7824	0.9175	0.8446	0.1081	0.5878708661585698
198	0.7375	0.7954	0.8918	0.8408	0.1982	0.5564515962853498
199	0.7335	0.7754	0.9253	0.8437	0.0631	0.5798707016290279
200	0.8317	0.8393	0.9691	0.8995	0.3514	0.4239296711471148
