RESOCONTO ADDESTRAMENTO FEDERATO SMARTGRID
Francesca Pellegrino
Rounds totali: 201

TABELLA RIASSUNTIVA METRICHE:
========================================================================================================================
Round  Loss       Accuracy   Precision   Recall     F1_Score   AUC_ROC    Specificity Sensitivity
------------------------------------------------------------------------------------------------------------------------
0      N/A        0.544317   0.694737    0.606939   0.817054   0.504998   0.404480   0.606939  
1      0.556416   0.690694   0.690694    1.000000   0.817054   0.527365   0.000000   1.000000  
2      0.531986   0.690694   0.690694    1.000000   0.817054   0.532934   0.000000   1.000000  
3      0.528132   0.689443   0.690748    0.996517   0.817054   0.533553   0.003734   0.996517  
4      0.536143   0.691464   0.692226    0.996238   0.817054   0.541618   0.010890   0.996238  
5      0.534678   0.689347   0.691941    0.991779   0.817054   0.545171   0.014001   0.991779  
6      0.536916   0.689250   0.691762    0.992197   0.817054   0.546864   0.012757   0.992197  
7      0.539659   0.689539   0.692113    0.991640   0.817054   0.545862   0.014935   0.991640  
8      0.540415   0.689635   0.692330    0.991083   0.817054   0.545758   0.016490   0.991083  
9      0.539812   0.689828   0.692390    0.991361   0.817054   0.545615   0.016490   0.991361  
10     0.541575   0.690116   0.692480    0.991779   0.817054   0.544629   0.016490   0.991779  
11     0.539997   0.690020   0.692487    0.991501   0.817054   0.544064   0.016801   0.991501  
12     0.541125   0.689731   0.692473    0.990804   0.817054   0.541889   0.017424   0.990804  
13     0.542297   0.691849   0.693130    0.993869   0.817054   0.541762   0.017424   0.993869  
14     0.542399   0.691656   0.693108    0.993451   0.817054   0.540436   0.017735   0.993451  
15     0.546350   0.691656   0.692995    0.993869   0.817054   0.540133   0.016801   0.993869  
16     0.547874   0.691945   0.693160    0.994009   0.817054   0.537542   0.017424   0.994009  
17     0.547645   0.691849   0.693130    0.993869   0.817054   0.535194   0.017424   0.993869  
18     0.549183   0.691560   0.693040    0.993451   0.817054   0.533088   0.017424   0.993451  
19     0.550482   0.691656   0.693070    0.993591   0.817054   0.532094   0.017424   0.993591  
20     0.551391   0.691752   0.693138    0.993591   0.817054   0.532752   0.017735   0.993591  
21     0.555773   0.691849   0.693544    0.992337   0.817054   0.531965   0.020846   0.992337  
22     0.558642   0.692137   0.694087    0.991083   0.817054   0.532685   0.024580   0.991083  
23     0.560308   0.691945   0.694826    0.987878   0.817054   0.532992   0.031114   0.987878  
24     0.562850   0.691656   0.695003    0.986485   0.817054   0.533188   0.033292   0.986485  
25     0.564179   0.686941   0.693950    0.978125   0.817054   0.532951   0.036714   0.978125  
26     0.567089   0.687133   0.694974    0.974920   0.817054   0.532856   0.044493   0.974920  
27     0.568799   0.686171   0.696271    0.967814   0.817054   0.532893   0.057250   0.967814  
28     0.570457   0.682610   0.695573    0.961126   0.817054   0.532778   0.060672   0.961126  
29     0.572095   0.681551   0.695670    0.958060   0.817054   0.532263   0.064095   0.958060  
30     0.574697   0.680300   0.695071    0.956946   0.817054   0.530858   0.062539   0.956946  
31     0.575900   0.684535   0.696305    0.963494   0.817054   0.530542   0.061605   0.963494  
32     0.577097   0.684342   0.696046    0.963912   0.817054   0.530610   0.060050   0.963912  
33     0.578778   0.685112   0.696172    0.965445   0.817054   0.532154   0.059116   0.965445  
34     0.580640   0.687422   0.696706    0.969486   0.817054   0.534447   0.057561   0.969486  
35     0.582363   0.683572   0.695486    0.963912   0.817054   0.536934   0.057561   0.963912  
36     0.583947   0.681744   0.695060    0.960708   0.817054   0.538805   0.058805   0.960708  
37     0.584659   0.682129   0.695065    0.961683   0.817054   0.539858   0.057872   0.961683  
38     0.585472   0.681936   0.694925    0.961683   0.817054   0.541028   0.057250   0.961683  
39     0.585973   0.680396   0.694590    0.958896   0.817054   0.541462   0.058494   0.958896  
40     0.587005   0.678279   0.693090    0.958757   0.817054   0.542120   0.051960   0.958757  
41     0.587579   0.678279   0.692780    0.959872   0.817054   0.543000   0.049471   0.959872  
42     0.587466   0.678760   0.692895    0.960708   0.817054   0.542830   0.049160   0.960708  
43     0.588532   0.679145   0.692709    0.962380   0.817054   0.543212   0.046671   0.962380  
44     0.589326   0.679530   0.692832    0.962937   0.817054   0.543184   0.046671   0.962937  
45     0.589467   0.680204   0.692932    0.964330   0.817054   0.543144   0.045737   0.964331  
46     0.590286   0.681936   0.692560    0.970183   0.817054   0.542885   0.038270   0.970183  
47     0.590643   0.685208   0.693520    0.975199   0.817054   0.543145   0.037648   0.975199  
48     0.590946   0.687614   0.694239    0.978821   0.817054   0.542889   0.037337   0.978821  
49     0.591608   0.687614   0.694277    0.978682   0.817054   0.542940   0.037648   0.978682  
50     0.592258   0.687326   0.694186    0.978264   0.817054   0.542903   0.037648   0.978264  
51     0.592211   0.687807   0.694299    0.979100   0.817054   0.542838   0.037337   0.979100  
52     0.592185   0.687903   0.694214    0.979657   0.817054   0.542860   0.036403   0.979657  
53     0.592155   0.687326   0.694148    0.978403   0.817054   0.542740   0.037337   0.978403  
54     0.592133   0.687133   0.694164    0.977846   0.817054   0.542916   0.037959   0.977846  
55     0.592057   0.687229   0.694156    0.978125   0.817054   0.543049   0.037648   0.978125  
56     0.592152   0.687133   0.694126    0.977985   0.817054   0.543008   0.037648   0.977985  
57     0.592202   0.687326   0.694186    0.978264   0.817054   0.542867   0.037648   0.978264  
58     0.592077   0.687326   0.694186    0.978264   0.817054   0.542796   0.037648   0.978264  
59     0.592422   0.687422   0.694140    0.978682   0.817054   0.542842   0.037026   0.978682  
60     0.592314   0.687518   0.694247    0.978543   0.817054   0.542810   0.037648   0.978543  
61     0.592140   0.687614   0.694277    0.978682   0.817054   0.542984   0.037648   0.978682  
62     0.591953   0.687518   0.694247    0.978543   0.817054   0.542758   0.037648   0.978543  
63     0.591897   0.687614   0.694277    0.978682   0.817054   0.542829   0.037648   0.978682  
64     0.592184   0.687133   0.694126    0.977985   0.817054   0.542713   0.037648   0.977985  
65     0.592142   0.686652   0.693974    0.977289   0.817054   0.542968   0.037648   0.977289  
66     0.592158   0.687614   0.694162    0.979100   0.817054   0.542660   0.036714   0.979100  
67     0.592173   0.687229   0.694156    0.978125   0.817054   0.542697   0.037648   0.978125  
68     0.592266   0.687229   0.694156    0.978125   0.817054   0.542823   0.037648   0.978125  
69     0.592142   0.687229   0.694156    0.978125   0.817054   0.542730   0.037648   0.978125  
70     0.591904   0.687999   0.694398    0.979239   0.817054   0.542634   0.037648   0.979239  
71     0.592042   0.687614   0.694277    0.978682   0.817054   0.542681   0.037648   0.978682  
72     0.591992   0.687999   0.694398    0.979239   0.817054   0.542488   0.037648   0.979239  
73     0.592086   0.687903   0.694368    0.979100   0.817054   0.542659   0.037648   0.979100  
74     0.592099   0.687711   0.694307    0.978821   0.817054   0.542751   0.037648   0.978821  
75     0.592140   0.687903   0.694368    0.979100   0.817054   0.542748   0.037648   0.979100  
76     0.592160   0.687422   0.694140    0.978682   0.817054   0.542789   0.037026   0.978682  
77     0.591914   0.687807   0.694261    0.979239   0.817054   0.542897   0.037026   0.979239  
78     0.591876   0.688095   0.694274    0.979936   0.817054   0.542857   0.036403   0.979936  
79     0.591906   0.688095   0.694236    0.980075   0.817054   0.542769   0.036092   0.980075  
80     0.592009   0.688095   0.694390    0.979518   0.817054   0.542721   0.037337   0.979518  
81     0.592057   0.687999   0.694359    0.979379   0.817054   0.542901   0.037337   0.979379  
82     0.591986   0.687711   0.694307    0.978821   0.817054   0.542732   0.037648   0.978821  
83     0.591940   0.687903   0.694368    0.979100   0.817054   0.542929   0.037648   0.979100  
84     0.592051   0.687229   0.694156    0.978125   0.817054   0.543074   0.037648   0.978125  
85     0.592035   0.687999   0.694398    0.979239   0.817054   0.543002   0.037648   0.979239  
86     0.592038   0.687999   0.694398    0.979239   0.817054   0.542639   0.037648   0.979239  
87     0.591828   0.687807   0.694299    0.979100   0.817054   0.542596   0.037337   0.979100  
88     0.591867   0.688288   0.694373    0.980075   0.817054   0.542644   0.036714   0.980075  
89     0.592050   0.687711   0.694115    0.979518   0.817054   0.542804   0.036092   0.979518  
90     0.592090   0.687229   0.694118    0.978264   0.817054   0.542879   0.037337   0.978264  
91     0.591859   0.687614   0.694239    0.978821   0.817054   0.542739   0.037337   0.978821  
92     0.592053   0.687326   0.694148    0.978403   0.817054   0.542926   0.037337   0.978403  
93     0.592027   0.688384   0.694442    0.980075   0.817054   0.542695   0.037026   0.980075  
94     0.591979   0.687422   0.694216    0.978403   0.817054   0.542955   0.037648   0.978403  
95     0.591918   0.687518   0.694247    0.978543   0.817054   0.542767   0.037648   0.978543  
96     0.592043   0.687807   0.694337    0.978961   0.817054   0.542841   0.037648   0.978961  
97     0.591944   0.687518   0.694247    0.978543   0.817054   0.542679   0.037648   0.978543  
98     0.591943   0.687711   0.694269    0.978961   0.817054   0.542974   0.037337   0.978961  
99     0.592124   0.687711   0.694192    0.979239   0.817054   0.542851   0.036714   0.979239  
100    0.591902   0.687326   0.694186    0.978264   0.817054   0.542646   0.037648   0.978264  
101    0.592009   0.688095   0.694428    0.979379   0.817054   0.542893   0.037648   0.979379  
102    0.591952   0.687711   0.693962    0.980075   0.817054   0.542606   0.034848   0.980075  
103    0.591923   0.688384   0.694442    0.980075   0.817054   0.542537   0.037026   0.980075  
104    0.591943   0.687903   0.694061    0.980215   0.817054   0.542591   0.035159   0.980215  
105    0.592050   0.687422   0.694101    0.978821   0.817054   0.542838   0.036714   0.978821  
106    0.591982   0.687999   0.694206    0.979936   0.817054   0.542833   0.036092   0.979936  
107    0.591954   0.688384   0.694020    0.981608   0.817054   0.542641   0.033603   0.981608  
108    0.591969   0.688095   0.694313    0.979797   0.817054   0.542731   0.036714   0.979797  
109    0.591949   0.688769   0.694562    0.980633   0.817054   0.542673   0.037026   0.980633  
110    0.591940   0.688095   0.694045    0.980772   0.817054   0.542713   0.034536   0.980772  
111    0.591865   0.688384   0.694288    0.980633   0.817054   0.542622   0.035781   0.980633  
112    0.591929   0.687518   0.693940    0.979657   0.817054   0.542732   0.035159   0.979657  
113    0.591788   0.688095   0.694083    0.980633   0.817054   0.542432   0.034848   0.980633  
114    0.592002   0.688192   0.694151    0.980633   0.817054   0.542503   0.035159   0.980633  
115    0.592060   0.687903   0.694137    0.979936   0.817054   0.542717   0.035781   0.979936  
116    0.592265   0.688095   0.694159    0.980354   0.817054   0.542613   0.035470   0.980354  
117    0.591740   0.687999   0.694359    0.979379   0.817054   0.542740   0.037337   0.979379  
118    0.591735   0.687807   0.693992    0.980215   0.817054   0.542791   0.034848   0.980215  
119    0.592014   0.687999   0.694359    0.979379   0.817054   0.542715   0.037337   0.979379  
120    0.591562   0.688384   0.694212    0.980911   0.817054   0.542696   0.035159   0.980911  
121    0.591988   0.688288   0.694412    0.979936   0.817054   0.542535   0.037026   0.979936  
122    0.592011   0.688673   0.694417    0.980911   0.817054   0.542573   0.036092   0.980911  
123    0.592038   0.688577   0.694502    0.980354   0.817054   0.542621   0.037026   0.980354  
124    0.591971   0.688384   0.694250    0.980772   0.817054   0.542527   0.035470   0.980772  
125    0.591846   0.688192   0.694113    0.980772   0.817054   0.542681   0.034848   0.980772  
126    0.591636   0.687807   0.694031    0.980075   0.817054   0.542613   0.035159   0.980075  
127    0.592178   0.688480   0.694433    0.980354   0.817054   0.542588   0.036714   0.980354  
128    0.591921   0.688769   0.694524    0.980772   0.817054   0.542507   0.036714   0.980772  
129    0.591974   0.688192   0.694266    0.980215   0.817054   0.542610   0.036092   0.980215  
130    0.591960   0.688577   0.694464    0.980493   0.817054   0.542491   0.036714   0.980493  
131    0.591852   0.688288   0.694067    0.981190   0.817054   0.542479   0.034225   0.981190  
132    0.591773   0.688192   0.694305    0.980075   0.817054   0.542628   0.036403   0.980075  
133    0.591951   0.687999   0.694168    0.980075   0.817054   0.542543   0.035781   0.980075  
134    0.591832   0.688095   0.693892    0.981329   0.817054   0.542361   0.033292   0.981329  
135    0.591810   0.687999   0.694398    0.979239   0.817054   0.542518   0.037648   0.979239  
136    0.591824   0.687903   0.694291    0.979379   0.817054   0.542604   0.037026   0.979379  
137    0.591813   0.688384   0.694403    0.980215   0.817054   0.542604   0.036714   0.980215  
138    0.591744   0.688577   0.694464    0.980493   0.817054   0.542729   0.036714   0.980493  
139    0.591846   0.688865   0.694592    0.980772   0.817054   0.542748   0.037026   0.980772  
140    0.591792   0.688480   0.694203    0.981190   0.817054   0.542558   0.034848   0.981190  
141    0.591887   0.687999   0.694168    0.980075   0.817054   0.542443   0.035781   0.980075  
142    0.591912   0.688192   0.694266    0.980215   0.817054   0.542369   0.036092   0.980215  
143    0.591894   0.688384   0.694097    0.981329   0.817054   0.542510   0.034225   0.981329  
144    0.591820   0.688384   0.694135    0.981190   0.817054   0.542489   0.034536   0.981190  
145    0.591625   0.688577   0.694157    0.981608   0.817054   0.542239   0.034225   0.981608  
146    0.591916   0.688384   0.693982    0.981747   0.817054   0.542453   0.033292   0.981747  
147    0.591776   0.688192   0.694151    0.980633   0.817054   0.542538   0.035159   0.980633  
148    0.592161   0.688288   0.694335    0.980215   0.817054   0.542668   0.036403   0.980215  
149    0.591834   0.688673   0.694379    0.981051   0.817054   0.542710   0.035781   0.981051  
150    0.591508   0.688769   0.694332    0.981469   0.817054   0.542603   0.035159   0.981469  
151    0.592115   0.688769   0.694486    0.980911   0.817054   0.542701   0.036403   0.980911  
152    0.591764   0.688095   0.694390    0.979518   0.817054   0.542496   0.037337   0.979518  
153    0.592032   0.688384   0.694212    0.980911   0.817054   0.542773   0.035159   0.980911  
154    0.591673   0.689058   0.694653    0.981051   0.817054   0.542537   0.037026   0.981051  
155    0.591691   0.688577   0.694464    0.980493   0.817054   0.542482   0.036714   0.980493  
156    0.591798   0.688095   0.694390    0.979518   0.817054   0.542598   0.037337   0.979518  
157    0.591808   0.688577   0.694387    0.980772   0.817054   0.542651   0.036092   0.980772  
158    0.591677   0.688384   0.693982    0.981747   0.817054   0.542528   0.033292   0.981747  
159    0.591833   0.688480   0.694280    0.980911   0.817054   0.542311   0.035470   0.980911  
160    0.592080   0.688480   0.694165    0.981329   0.817054   0.542326   0.034536   0.981329  
161    0.591789   0.688288   0.694220    0.980633   0.817054   0.542338   0.035470   0.980633  
162    0.591809   0.688288   0.694335    0.980215   0.817054   0.542543   0.036403   0.980215  
163    0.591739   0.688673   0.694417    0.980911   0.817054   0.542521   0.036092   0.980911  
164    0.591896   0.688673   0.694340    0.981190   0.817054   0.542645   0.035470   0.981190  
165    0.591731   0.688673   0.694034    0.982305   0.817054   0.542625   0.032981   0.982305  
166    0.591840   0.688288   0.694220    0.980633   0.817054   0.542465   0.035470   0.980633  
167    0.591706   0.688384   0.694059    0.981469   0.817054   0.542333   0.033914   0.981469  
168    0.591788   0.688577   0.694157    0.981608   0.817054   0.542392   0.034225   0.981608  
169    0.591700   0.688480   0.694433    0.980354   0.817054   0.542779   0.036714   0.980354  
170    0.591727   0.688288   0.694105    0.981051   0.817054   0.542567   0.034536   0.981051  
171    0.591795   0.688384   0.694059    0.981469   0.817054   0.542442   0.033914   0.981469  
172    0.591595   0.688480   0.694318    0.980772   0.817054   0.542588   0.035781   0.980772  
173    0.591912   0.688673   0.694302    0.981329   0.817054   0.542547   0.035159   0.981329  
174    0.591800   0.688480   0.694127    0.981469   0.817054   0.542548   0.034225   0.981469  
175    0.591643   0.688288   0.694258    0.980493   0.817054   0.542751   0.035781   0.980493  
176    0.591773   0.688095   0.694313    0.979797   0.817054   0.542502   0.036714   0.979797  
177    0.591566   0.688480   0.694050    0.981747   0.817054   0.542162   0.033603   0.981747  
178    0.591609   0.688480   0.694165    0.981329   0.817054   0.542548   0.034536   0.981329  
179    0.591704   0.688480   0.694203    0.981190   0.817054   0.542448   0.034848   0.981190  
180    0.591702   0.688673   0.694187    0.981747   0.817054   0.542257   0.034225   0.981747  
181    0.591695   0.688769   0.694447    0.981051   0.817054   0.542413   0.036092   0.981051  
182    0.591768   0.688865   0.694439    0.981329   0.817054   0.542354   0.035781   0.981329  
183    0.591704   0.688673   0.694379    0.981051   0.817054   0.542394   0.035781   0.981051  
184    0.591771   0.688769   0.694332    0.981469   0.817054   0.542518   0.035159   0.981469  
185    0.591435   0.688962   0.694431    0.981608   0.817054   0.542395   0.035470   0.981608  
186    0.591648   0.688288   0.694296    0.980354   0.817054   0.542453   0.036092   0.980354  
187    0.591769   0.688384   0.694059    0.981469   0.817054   0.542351   0.033914   0.981469  
188    0.591731   0.688673   0.694225    0.981608   0.817054   0.542526   0.034536   0.981608  
189    0.591804   0.688480   0.694012    0.981887   0.817054   0.542649   0.033292   0.981887  
190    0.591835   0.689058   0.694155    0.982862   0.817054   0.542412   0.032981   0.982862  
191    0.591606   0.688865   0.694094    0.982583   0.817054   0.542386   0.032981   0.982583  
192    0.591673   0.688577   0.694042    0.982026   0.817054   0.542648   0.033292   0.982026  
193    0.591678   0.688577   0.694195    0.981469   0.817054   0.542346   0.034536   0.981469  
194    0.591562   0.688288   0.693952    0.981608   0.817054   0.542415   0.033292   0.981608  
195    0.591385   0.688577   0.694195    0.981469   0.817054   0.542381   0.034536   0.981469  
196    0.591793   0.689058   0.694078    0.983141   0.817054   0.542181   0.032358   0.983141  
197    0.591485   0.688769   0.694103    0.982305   0.817054   0.542321   0.033292   0.982305  
198    0.591752   0.688769   0.694256    0.981747   0.817054   0.542474   0.034536   0.981747  
199    0.591560   0.688480   0.694012    0.981887   0.817054   0.542583   0.033292   0.981887  
200    0.591650   0.688673   0.694111    0.982026   0.817054   0.542458   0.033603   0.982026  
========================================================================================================================

STATISTICHE FINALI:
============================================================

🔹 VAL_LOSS:
   Rounds disponibili  : 200
   Valore iniziale     : 0.556416
   Valore finale       : 0.591650
   Valore minimo       : 0.528132
   Valore massimo      : 0.592422
   Valore medio        : 0.585017
   Miglioramento       : +0.035234 📈

🔹 GLOBAL_ACCURACY:
   Rounds disponibili  : 201
   Valore iniziale     : 0.544317
   Valore finale       : 0.688673
   Valore minimo       : 0.544317
   Valore massimo      : 0.692137
   Valore medio        : 0.687092
   Miglioramento       : +0.144356 📈

🔹 GLOBAL_PRECISION:
   Rounds disponibili  : 201
   Valore iniziale     : 0.694737
   Valore finale       : 0.694111
   Valore minimo       : 0.690694
   Valore massimo      : 0.696706
   Valore medio        : 0.694094
   Miglioramento       : -0.000626 📉

🔹 GLOBAL_RECALL:
   Rounds disponibili  : 201
   Valore iniziale     : 0.606939
   Valore finale       : 0.982026
   Valore minimo       : 0.606939
   Valore massimo      : 1.000000
   Valore medio        : 0.978014
   Miglioramento       : +0.375087 📈

🔹 GLOBAL_F1_SCORE:
   Rounds disponibili  : 201
   Valore iniziale     : 0.817054
   Valore finale       : 0.817054
   Valore minimo       : 0.817054
   Valore massimo      : 0.817054
   Valore medio        : 0.817054

🔹 GLOBAL_AUC_ROC:
   Rounds disponibili  : 201
   Valore iniziale     : 0.504998
   Valore finale       : 0.542458
   Valore minimo       : 0.504998
   Valore massimo      : 0.546864
   Valore medio        : 0.541349
   Miglioramento       : +0.037460 📈

🔹 GLOBAL_SPECIFICITY:
   Rounds disponibili  : 201
   Valore iniziale     : 0.404480
   Valore finale       : 0.033603
   Valore minimo       : 0.000000
   Valore massimo      : 0.404480
   Valore medio        : 0.037451
   Miglioramento       : -0.370877 📉

🔹 GLOBAL_SENSITIVITY:
   Rounds disponibili  : 201
   Valore iniziale     : 0.606939
   Valore finale       : 0.982026
   Valore minimo       : 0.606939
   Valore massimo      : 1.000000
   Valore medio        : 0.978014
   Miglioramento       : +0.375087 📈

ADDESTRAMENTO COMPLETATO!
