round	accuracy	precision	recall	f1_score	loss
1	0.8114	0.8132	0.9871	0.8917	0.4631
2	0.7931	0.7930	0.9974	0.8836	0.5028
3	0.7870	0.7870	1.0000	0.8808	0.4826
4	0.7870	0.7870	1.0000	0.8808	0.4279
5	0.7870	0.7870	1.0000	0.8808	0.4192
6	0.7890	0.7886	1.0000	0.8818	0.4153
7	0.7870	0.7870	1.0000	0.8808	0.4124
8	0.7911	0.7902	1.0000	0.8828	0.4087
9	0.7911	0.7902	1.0000	0.8828	0.4088
10	0.8032	0.8012	0.9974	0.8886	0.3735
11	0.7992	0.7979	0.9974	0.8866	0.3707
12	0.8458	0.8377	0.9974	0.9106	0.3381
13	0.8479	0.8395	0.9974	0.9117	0.3369
14	0.8560	0.8468	0.9974	0.9160	0.3331
15	0.8824	0.8716	0.9974	0.9303	0.3078
16	0.8986	0.8876	0.9974	0.9393	0.2854
17	0.9087	0.9035	0.9897	0.9446	0.2611
18	0.9108	0.9057	0.9897	0.9458	0.2616
19	0.9108	0.9057	0.9897	0.9458	0.2607
20	0.9128	0.9078	0.9897	0.9470	0.2600
21	0.9148	0.9119	0.9871	0.9480	0.2576
22	0.9209	0.9165	0.9897	0.9517	0.2345
23	0.9290	0.9233	0.9923	0.9565	0.2153
24	0.9290	0.9233	0.9923	0.9565	0.2156
25	0.9290	0.9233	0.9923	0.9565	0.2156
26	0.9290	0.9233	0.9923	0.9565	0.2161
27	0.9290	0.9233	0.9923	0.9565	0.2162
28	0.9290	0.9233	0.9923	0.9565	0.2162
29	0.9270	0.9231	0.9897	0.9552	0.2671
30	0.9290	0.9274	0.9871	0.9563	0.2540
31	0.9290	0.9274	0.9871	0.9563	0.2533
32	0.9290	0.9274	0.9871	0.9563	0.2533
33	0.9371	0.9364	0.9871	0.9611	0.2407
34	0.9371	0.9407	0.9820	0.9609	0.2366
35	0.9331	0.9361	0.9820	0.9585	0.2336
36	0.9331	0.9361	0.9820	0.9585	0.2336
37	0.9331	0.9361	0.9820	0.9585	0.2336
38	0.9331	0.9361	0.9820	0.9585	0.2336
39	0.9331	0.9361	0.9820	0.9585	0.2336
40	0.9331	0.9361	0.9820	0.9585	0.2336
41	0.9331	0.9361	0.9820	0.9585	0.2336
42	0.9331	0.9361	0.9820	0.9585	0.2336
43	0.9331	0.9361	0.9820	0.9585	0.2336
44	0.9331	0.9361	0.9820	0.9585	0.2967
45	0.9351	0.9384	0.9820	0.9597	0.2962
46	0.9351	0.9384	0.9820	0.9597	0.2962
47	0.9351	0.9384	0.9820	0.9597	0.2962
48	0.9351	0.9384	0.9820	0.9597	0.2962
49	0.9452	0.9457	0.9871	0.9660	0.2964
50	0.9452	0.9457	0.9871	0.9660	0.2964
51	0.9452	0.9457	0.9871	0.9660	0.2964
52	0.9452	0.9457	0.9871	0.9660	0.2964
53	0.9351	0.9450	0.9742	0.9594	0.2950
54	0.9351	0.9450	0.9742	0.9594	0.2950
55	0.9351	0.9450	0.9742	0.9594	0.2950
56	0.9351	0.9450	0.9742	0.9594	0.2950
57	0.9351	0.9450	0.9742	0.9594	0.2950
58	0.9351	0.9450	0.9742	0.9594	0.2950
59	0.9351	0.9450	0.9742	0.9594	0.2950
60	0.9351	0.9450	0.9742	0.9594	0.2950
61	0.9351	0.9450	0.9742	0.9594	0.2950
62	0.9351	0.9450	0.9742	0.9594	0.2950
63	0.9351	0.9450	0.9742	0.9594	0.2950
64	0.9351	0.9450	0.9742	0.9594	0.2942
65	0.9351	0.9450	0.9742	0.9594	0.2942
66	0.9351	0.9450	0.9742	0.9594	0.2942
67	0.9351	0.9450	0.9742	0.9594	0.2942
68	0.9351	0.9450	0.9742	0.9594	0.2942
69	0.9351	0.9450	0.9742	0.9594	0.2939
70	0.9351	0.9450	0.9742	0.9594	0.2939
71	0.9351	0.9450	0.9742	0.9594	0.2930
72	0.9351	0.9450	0.9742	0.9594	0.2927
73	0.9351	0.9450	0.9742	0.9594	0.2927
74	0.9351	0.9450	0.9742	0.9594	0.2927
75	0.9351	0.9450	0.9742	0.9594	0.2927
76	0.9351	0.9450	0.9742	0.9594	0.2927
77	0.9351	0.9450	0.9742	0.9594	0.2927
78	0.9351	0.9450	0.9742	0.9594	0.2932
79	0.9351	0.9450	0.9742	0.9594	0.2932
80	0.9351	0.9450	0.9742	0.9594	0.2932
81	0.9391	0.9475	0.9768	0.9619	0.2950
82	0.9473	0.9502	0.9845	0.9671	0.3002
83	0.9473	0.9502	0.9845	0.9671	0.3002
84	0.9473	0.9502	0.9845	0.9671	0.3002
85	0.9473	0.9502	0.9845	0.9671	0.3002
86	0.9310	0.9403	0.9742	0.9570	0.2997
87	0.9310	0.9403	0.9742	0.9570	0.2997
88	0.9310	0.9403	0.9742	0.9570	0.2997
89	0.9310	0.9403	0.9742	0.9570	0.2997
90	0.9290	0.9380	0.9742	0.9558	0.2996
91	0.9290	0.9380	0.9742	0.9558	0.2996
92	0.9290	0.9380	0.9742	0.9558	0.2996
93	0.9290	0.9380	0.9742	0.9558	0.2997
94	0.9290	0.9380	0.9742	0.9558	0.3002
95	0.9290	0.9380	0.9742	0.9558	0.3011
96	0.9290	0.9380	0.9742	0.9558	0.3025
97	0.9290	0.9380	0.9742	0.9558	0.3050
98	0.9290	0.9380	0.9742	0.9558	0.3728
99	0.9290	0.9380	0.9742	0.9558	0.3728
100	0.9290	0.9380	0.9742	0.9558	0.5054
101	0.9290	0.9380	0.9742	0.9558	0.5054
102	0.9290	0.9380	0.9742	0.9558	0.5054
103	0.9290	0.9380	0.9742	0.9558	0.5054
104	0.9290	0.9380	0.9742	0.9558	0.5054
105	0.9290	0.9380	0.9742	0.9558	0.5054
106	0.9290	0.9380	0.9742	0.9558	0.5054
107	0.9290	0.9380	0.9742	0.9558	0.5054
108	0.9290	0.9380	0.9742	0.9558	0.5054
109	0.9290	0.9380	0.9742	0.9558	0.5054
110	0.9290	0.9380	0.9742	0.9558	0.5054
111	0.9290	0.9380	0.9742	0.9558	0.5054
112	0.9290	0.9380	0.9742	0.9558	0.5054
113	0.9290	0.9380	0.9742	0.9558	0.5054
114	0.9290	0.9380	0.9742	0.9558	0.5054
115	0.9290	0.9380	0.9742	0.9558	0.5054
116	0.9290	0.9380	0.9742	0.9558	0.5054
117	0.9290	0.9380	0.9742	0.9558	0.5055
118	0.9290	0.9380	0.9742	0.9558	0.5055
119	0.9290	0.9380	0.9742	0.9558	0.5055
120	0.9290	0.9380	0.9742	0.9558	0.5057
121	0.9290	0.9380	0.9742	0.9558	0.5057
122	0.9290	0.9380	0.9742	0.9558	0.5057
123	0.9290	0.9380	0.9742	0.9558	0.5057
124	0.9290	0.9380	0.9742	0.9558	0.5061
125	0.9290	0.9380	0.9742	0.9558	0.5067
126	0.9290	0.9380	0.9742	0.9558	0.5075
127	0.9290	0.9380	0.9742	0.9558	0.5075
128	0.9290	0.9380	0.9742	0.9558	0.5075
129	0.9290	0.9380	0.9742	0.9558	0.5085
130	0.9290	0.9380	0.9742	0.9558	0.5085
131	0.9290	0.9380	0.9742	0.9558	0.5098
132	0.9290	0.9380	0.9742	0.9558	0.5114
133	0.9290	0.9380	0.9742	0.9558	0.5133
134	0.9290	0.9380	0.9742	0.9558	0.5133
135	0.9290	0.9380	0.9742	0.9558	0.5158
136	0.9290	0.9380	0.9742	0.9558	0.5189
137	0.9290	0.9380	0.9742	0.9558	0.5230
138	0.9290	0.9380	0.9742	0.9558	0.5287
139	0.9290	0.9380	0.9742	0.9558	0.5287
140	0.9290	0.9380	0.9742	0.9558	0.5287
141	0.9310	0.9425	0.9716	0.9569	0.5382
142	0.9310	0.9425	0.9716	0.9569	0.5382
143	0.9310	0.9425	0.9716	0.9569	0.5382
144	0.9310	0.9425	0.9716	0.9569	0.5382
145	0.9391	0.9566	0.9665	0.9615	0.8069
146	0.9189	0.9555	0.9407	0.9481	0.8069
147	0.9189	0.9555	0.9407	0.9481	0.8069
148	0.9189	0.9555	0.9407	0.9481	0.8069
149	0.9087	0.9432	0.9407	0.9419	0.8069
150	0.9087	0.9432	0.9407	0.9419	0.8069
151	0.9087	0.9432	0.9407	0.9419	0.8069
152	0.9087	0.9432	0.9407	0.9419	0.8069
153	0.9087	0.9432	0.9407	0.9419	0.8069
154	0.9087	0.9432	0.9407	0.9419	0.8069
155	0.9087	0.9432	0.9407	0.9419	0.8069
156	0.9087	0.9432	0.9407	0.9419	0.8069
157	0.9087	0.9432	0.9407	0.9419	0.8069
158	0.9087	0.9432	0.9407	0.9419	0.8069
159	0.9087	0.9432	0.9407	0.9419	0.8069
160	0.9087	0.9432	0.9407	0.9419	0.8069
161	0.9087	0.9432	0.9407	0.9419	0.8070
162	0.9087	0.9432	0.9407	0.9419	0.8070
163	0.9087	0.9432	0.9407	0.9419	0.8070
164	0.9087	0.9432	0.9407	0.9419	0.8071
165	0.9087	0.9432	0.9407	0.9419	0.8071
166	0.9087	0.9432	0.9407	0.9419	0.8071
167	0.9087	0.9432	0.9407	0.9419	0.8071
168	0.9087	0.9432	0.9407	0.9419	0.8071
169	0.9087	0.9432	0.9407	0.9419	0.8071
170	0.9087	0.9432	0.9407	0.9419	0.8071
171	0.9087	0.9432	0.9407	0.9419	0.8071
172	0.9087	0.9432	0.9407	0.9419	0.8071
173	0.9087	0.9432	0.9407	0.9419	0.8072
174	0.9087	0.9432	0.9407	0.9419	0.8072
175	0.9087	0.9432	0.9407	0.9419	0.8074
176	0.9087	0.9432	0.9407	0.9419	0.8074
177	0.9087	0.9432	0.9407	0.9419	0.8074
178	0.9087	0.9432	0.9407	0.9419	0.8074
179	0.9087	0.9432	0.9407	0.9419	0.8074
180	0.9087	0.9432	0.9407	0.9419	0.8077
181	0.9087	0.9432	0.9407	0.9419	0.8077
182	0.9087	0.9432	0.9407	0.9419	0.8077
183	0.9087	0.9432	0.9407	0.9419	0.8080
184	0.9087	0.9432	0.9407	0.9419	0.8080
185	0.9087	0.9432	0.9407	0.9419	0.8080
186	0.9087	0.9432	0.9407	0.9419	0.8084
187	0.9087	0.9432	0.9407	0.9419	0.8084
188	0.9087	0.9432	0.9407	0.9419	0.8088
189	0.9087	0.9432	0.9407	0.9419	0.8092
190	0.9087	0.9432	0.9407	0.9419	0.8097
191	0.9087	0.9432	0.9407	0.9419	0.8097
192	0.9087	0.9432	0.9407	0.9419	0.8097
193	0.9087	0.9432	0.9407	0.9419	0.8097
194	0.9087	0.9432	0.9407	0.9419	0.8097
195	0.9087	0.9432	0.9407	0.9419	0.8097
196	0.9087	0.9432	0.9407	0.9419	0.8097
197	0.9087	0.9432	0.9407	0.9419	0.8097
198	0.9087	0.9432	0.9407	0.9419	0.8097
199	0.9087	0.9432	0.9407	0.9419	0.8097
200	0.9087	0.9432	0.9407	0.9419	0.8103
